0.00 -0.24 9.82
-0.05 -0.28 9.79
-0.05 -0.29 9.75
-0.04 -0.29 9.85
-0.04 -0.31 9.85
-0.00 -0.27 9.70
0.11 -0.44 9.62
0.24 -0.15 9.85
-0.03 -0.40 9.93
-0.28 0.12 9.75
-0.12 -0.03 9.80
-0.05 0.57 9.65
-0.41 -0.21 9.72
-0.97 0.50 9.03
-1.16 -0.44 9.89
-1.63 -0.47 9.96
-1.96 -1.21 9.33
-2.28 -0.47 9.49
-1.86 -0.18 9.86
-2.37 0.06 9.70
-2.17 0.03 9.64
-1.61 -0.18 9.73
-1.52 0.11 9.80
-1.12 -1.02 9.75
-0.82 -1.12 9.78
-0.62 -2.41 9.34
-0.92 -2.68 9.17
-0.55 -3.17 8.73
0.66 -3.09 9.83
-0.60 -3.42 8.99
0.43 -3.64 8.89
-0.15 -2.85 8.56
-0.73 -2.04 9.98
-0.54 -2.29 9.71
-0.67 -1.85 10.11
-0.62 -2.07 9.97
-0.98 -1.92 9.59
-1.45 -1.66 9.49
-1.93 -1.85 9.47
-0.81 -1.40 9.54
-0.71 -0.44 9.48
-0.68 -0.22 9.79
-1.02 -0.39 9.78
-1.34 -0.89 9.60
-0.95 -0.76 9.75
-1.32 -0.61 9.84
-1.22 -0.78 9.59
-1.60 -0.98 9.57
-1.45 -1.19 10.27
-0.59 -0.15 9.51
-1.05 -0.45 9.37
-0.64 -1.06 10.08
-0.87 -0.47 10.01
-1.10 -0.13 9.54
-1.94 -0.55 10.59
-1.08 0.17 9.87
-1.16 0.49 9.82
-0.84 0.29 9.76
-1.39 1.00 9.44
-0.53 -0.03 10.52
-0.20 0.66 10.38
-0.52 0.03 10.28
-0.43 0.65 9.84
0.04 0.88 10.00
0.32 1.73 9.56
0.46 0.64 9.62
0.42 0.42 9.43
0.46 0.68 9.95
0.03 0.36 9.98
0.39 -0.23 9.91
0.87 -0.28 9.99
0.34 0.06 10.05
-0.60 -0.20 9.99
-0.47 -0.43 9.25
-1.60 0.44 9.94
-3.22 0.83 8.95
-4.35 0.67 8.52
-5.97 1.12 8.73
-6.63 0.87 7.64
-7.45 0.53 6.95
-7.47 0.25 6.84
-7.46 -0.68 6.27
-7.76 -1.52 5.64
-7.79 -2.93 5.62
-7.42 -2.60 6.56
-7.34 -3.78 5.65
-6.48 -3.96 7.26
-6.67 -4.17 6.74
-6.55 -4.10 6.55
-5.54 -3.95 7.00
-5.36 -4.90 7.15
-4.94 -4.72 6.74
-4.67 -5.35 6.63
-2.76 -5.47 7.36
-3.57 -5.74 7.25
-2.86 -5.50 6.89
-1.48 -7.78 6.60
0.08 -7.68 6.64
0.79 -7.35 6.40
0.85 -7.25 6.80
1.26 -7.16 6.75
2.11 -6.96 5.97
2.72 -6.65 6.57
2.94 -7.01 6.01
2.70 -6.45 6.63
1.25 -7.28 7.52
1.99 -7.02 6.25
2.19 -7.05 6.57
3.03 -6.77 6.74
2.70 -6.42 6.33
4.19 -6.57 6.50
3.54 -5.53 6.64
4.20 -5.51 6.54
4.34 -4.80 6.84
4.85 -4.27 7.05
5.14 -3.27 6.73
5.25 -2.73 7.05
5.15 -2.68 7.03
4.82 -2.27 7.05
5.42 -1.56 7.16
5.54 -0.37 6.95
5.92 0.24 7.19
5.29 0.16 7.29
5.67 0.60 7.16
5.92 0.70 6.98
5.59 1.06 7.34
5.11 1.69 7.25
5.40 2.07 7.22
5.44 2.59 6.94
4.95 3.47 6.68
6.06 3.25 6.08
5.91 4.19 6.22
5.83 5.36 5.54
4.90 5.75 5.13
4.84 5.11 4.28
5.45 6.28 4.22
4.81 7.80 4.28
4.07 7.76 3.63
1.76 9.38 5.18
3.23 8.32 4.16
1.45 8.41 5.47
0.03 7.34 5.93
-1.35 7.34 5.93
-0.77 7.51 6.92
-1.67 8.01 6.28
-1.60 6.81 5.84
-3.27 7.78 6.51
-4.40 6.79 6.76
-5.35 4.60 5.73
-6.27 4.44 5.89
-6.90 3.23 6.03
-8.48 2.38 5.60
-9.14 1.41 5.41
-8.97 0.39 5.13
-9.05 0.46 5.39
-8.26 0.68 5.47
-8.49 0.08 5.42
-9.01 0.05 5.11
-8.54 0.05 5.10
-8.67 -0.37 4.83
-9.16 -0.65 4.56
-9.43 -0.92 4.52
-8.67 -1.25 5.05
-8.84 -0.14 4.91
-8.94 0.72 4.87
-9.09 0.90 4.76
-9.41 0.44 4.91
-9.36 0.55 4.62
-9.73 -0.36 3.88
-9.76 -1.03 3.69
-9.34 -1.53 4.11
-9.05 -2.49 4.20
-8.94 -4.00 4.08
-8.38 -5.62 3.83
-7.37 -5.76 3.50
-6.15 -6.36 2.61
-6.81 -8.49 2.92
-3.24 -10.03 2.20
-3.70 -9.36 3.14
-3.26 -9.15 3.64
-1.66 -9.54 3.37
-1.86 -9.49 3.45
-1.96 -8.59 3.13
-0.50 -9.03 3.27
1.10 -9.52 3.01
1.39 -8.33 4.25
1.82 -8.12 4.60
2.28 -7.97 4.99
2.90 -7.80 4.69
3.37 -7.07 5.13
3.34 -5.60 5.33
5.16 -5.48 5.54
5.37 -4.23 5.90
5.85 -3.73 5.84
6.44 -2.78 5.70
7.49 -1.77 5.88
6.18 -0.31 5.67
6.60 0.47 6.20
6.53 1.23 5.68
5.60 3.27 5.82
5.50 3.83 5.80
4.91 3.53 5.76
5.11 4.11 6.00
4.43 5.59 5.70
2.84 7.39 5.50
2.74 8.18 5.32
2.00 8.73 5.03
0.87 8.77 4.99
0.04 8.87 4.79
-1.24 8.34 4.99
-1.98 8.35 4.90
-2.83 8.12 5.05
-4.13 7.72 4.78
-5.07 7.56 4.75
-5.68 6.92 4.86
-6.86 6.31 4.69
-7.46 5.00 4.73
-8.25 4.04 4.60
-8.74 2.44 4.43
-8.79 1.25 4.66
-8.75 0.19 4.73
-9.07 -0.27 4.65
-8.86 -0.58 4.53
-8.83 0.29 4.96
-9.11 0.60 5.07
-8.79 1.37 5.17
-8.45 1.04 5.35
-8.72 1.82 5.09
-7.80 3.16 5.08
-8.25 4.08 4.85
-8.09 4.47 4.88
-7.47 5.77 4.82
-7.08 5.36 4.66
-7.10 5.66 4.48
-7.17 7.00 4.04
-6.75 7.13 3.34
-6.65 6.90 3.13
-6.03 7.55 2.84
-6.90 7.20 3.68
-5.78 7.23 4.34
-5.17 8.42 4.44
-4.89 8.22 4.86
-4.46 7.45 4.53
-4.15 7.51 4.87
-3.69 7.49 5.66
-3.26 7.54 6.02
-2.43 7.31 6.76
-2.19 6.93 6.96
-2.06 5.88 7.55
-1.86 5.63 7.65
-2.06 5.52 8.23
-2.15 5.61 8.32
-3.05 5.11 8.44
-3.02 4.43 8.50
-3.49 4.71 8.06
-4.18 3.33 8.11
-4.53 2.85 8.26
-4.66 2.67 8.85
-5.69 2.12 8.74
-6.24 1.37 8.33
-5.76 1.56 8.03
-5.57 0.03 7.54
-6.54 0.06 9.00
-5.74 -0.44 8.10
-5.32 -1.34 8.46
-5.21 -2.33 8.53
-5.27 -2.82 7.92
-5.55 -3.55 7.67
-5.56 -4.36 7.60
-5.31 -4.62 7.52
-4.67 -4.89 7.23
-4.57 -5.11 7.50
-4.23 -5.45 7.21
-3.64 -5.53 7.31
-3.18 -6.19 6.99
-2.47 -5.56 6.89
-2.08 -6.59 7.00
-1.96 -6.34 7.81
-0.76 -7.53 7.28
-1.02 -5.62 8.15
1.20 -6.29 6.89
1.25 -5.64 8.31
2.39 -4.13 8.60
2.92 -3.14 9.11
3.09 -2.66 8.61
2.70 -2.55 8.03
2.85 -1.79 9.26
3.07 -1.74 8.22
2.77 -1.02 8.27
2.49 -1.23 8.62
3.74 -0.65 9.35
2.96 0.39 9.00
2.88 0.74 8.91
3.20 1.35 9.22
3.21 2.21 9.00
2.73 2.66 8.60
2.58 3.46 8.44
2.32 4.31 8.14
1.75 4.23 8.36
1.13 4.69 8.29
1.17 5.32 8.47
0.85 5.14 8.35
0.16 5.10 7.71
0.20 6.03 8.16
-0.28 5.72 8.39
-1.70 6.29 6.85
-1.62 6.20 7.06
-2.50 6.25 7.57
-3.55 6.02 7.07
-4.04 5.75 7.39
-4.55 4.81 7.49
-5.46 4.44 7.21
-5.99 4.06 7.34
-6.16 2.43 7.54
-6.38 1.99 7.58
-6.52 1.59 7.42
-6.61 1.46 7.46
-7.32 1.87 7.35
-6.98 1.78 7.04
-6.07 1.75 8.42
-6.19 0.75 7.79
-5.76 0.67 7.89
-5.20 0.20 8.03
-5.30 -0.03 8.47
-5.36 -0.74 8.47
-5.10 -0.68 8.51
-4.45 -0.49 9.10
-4.60 -0.48 9.26
-4.33 -0.31 9.35
-4.93 -0.87 8.61
-4.80 -1.23 8.78
-4.60 -1.78 8.93
-4.60 -2.10 8.81
-4.22 -2.54 8.42
-3.80 -3.08 8.63
-3.37 -3.74 8.46
-3.37 -4.00 8.25
-2.99 -4.54 8.16
-2.42 -4.67 7.62
-2.10 -5.07 8.39
-2.29 -5.03 8.09
-1.56 -5.14 7.51
-1.40 -6.06 7.51
-1.00 -6.63 7.04
-0.14 -6.96 7.17
-0.28 -7.63 7.29
-0.07 -6.45 7.57
1.24 -5.27 7.38
0.91 -6.23 7.73
2.66 -5.11 7.45
2.60 -5.38 7.69
2.64 -5.39 7.91
2.39 -4.98 7.77
3.02 -5.14 7.51
3.31 -4.57 7.20
3.26 -4.24 7.80
3.87 -3.80 7.86
4.35 -3.28 7.64
4.74 -2.78 7.98
4.59 -1.83 7.88
4.85 -1.28 7.55
4.81 -1.25 7.91
4.57 -1.13 7.91
4.51 -0.35 8.19
4.44 0.40 8.43
4.73 0.61 8.08
4.09 1.37 8.50
4.44 1.24 8.05
4.51 1.19 8.02
3.85 1.88 8.18
3.37 2.04 8.48
2.53 2.35 8.93
2.30 2.17 9.04
2.17 2.48 8.71
2.47 3.03 9.07
2.46 2.91 8.37
2.03 3.44 8.30
1.15 3.80 7.89
1.04 5.17 8.37
0.00 5.26 8.49
-0.41 5.56 7.94
-1.32 5.38 8.25
-1.41 4.98 7.89
-2.51 4.85 8.22
-2.64 4.53 7.80
-3.49 3.97 8.44
-3.89 4.12 8.44
-4.09 3.84 8.59
-4.31 3.00 8.43
-4.48 2.56 8.55
-4.34 1.82 8.93
-4.57 1.22 9.15
-5.03 0.81 8.72
-5.00 0.10 8.38
-5.20 -0.58 8.55
-5.08 -1.29 8.63
-5.08 -1.57 8.33
-4.55 -1.55 8.72
-4.92 -0.93 8.67
-5.40 -0.77 8.45
-5.62 -1.02 8.34
-5.86 -0.41 8.25
-6.20 -0.60 7.60
-6.14 -0.82 7.73
-6.43 -1.01 7.95
-6.78 -0.51 7.75
-6.54 -0.29 7.77
-6.74 -0.53 7.47
-6.98 -1.08 7.24
-7.33 -0.80 7.64
-7.88 0.36 6.67
-7.65 -0.93 5.83
-8.08 -0.60 6.07
-8.37 -0.80 5.88
-8.04 -0.07 5.89
-8.33 -0.03 5.83
-8.34 0.07 6.12
-7.84 -0.16 6.21
-7.79 0.88 6.40
-7.32 1.02 6.56
-7.39 1.17 6.63
-7.38 2.06 6.97
-7.27 3.22 6.69
-7.03 4.00 6.28
-6.50 4.23 6.37
-5.89 4.97 6.75
-5.34 5.77 6.86
-4.28 6.22 6.59
-3.36 6.74 6.73
-2.69 7.10 6.27
-1.47 8.00 6.10
0.08 7.86 6.30
0.43 8.16 6.00
1.60 8.27 5.56
2.78 7.60 5.45
4.02 6.55 5.29
4.99 6.00 4.52
5.79 5.37 4.08
6.63 4.31 3.95
6.84 3.67 4.33
6.89 3.71 4.42
7.25 3.41 4.74
6.69 3.31 5.33
7.27 2.12 4.90
7.20 2.08 4.82
7.52 1.59 4.78
8.07 2.51 4.99
6.74 1.49 6.37
7.81 0.21 4.58
7.50 -0.42 4.86
7.34 -1.11 4.94
7.10 -1.51 4.96
6.49 -2.09 5.28
8.31 -2.07 6.07
6.21 -2.48 5.54
5.50 -3.19 6.45
5.42 -3.82 6.18
5.80 -4.51 6.65
4.83 -4.45 6.97
3.89 -4.54 7.29
2.98 -5.01 7.54
1.88 -5.81 7.42
1.57 -5.75 7.42
0.58 -6.38 7.37
-0.55 -6.15 7.44
-1.21 -5.90 7.70
-1.66 -5.59 7.75
-2.26 -5.54 7.73
-2.89 -5.31 7.77
-3.48 -5.00 8.03
-4.39 -5.03 7.92
-5.20 -3.92 7.46
-4.45 -3.80 8.31
-5.98 -2.78 6.73
-5.51 -3.77 7.50
-6.26 -2.68 7.64
-6.69 -1.61 7.11
-6.94 -1.44 7.09
-7.34 -1.58 7.02
-7.74 -0.84 6.59
-7.56 -1.00 6.61
-7.55 -0.93 6.83
-7.41 -0.55 6.74
-7.52 -0.75 6.80
-7.49 -1.30 6.63
-7.99 -0.84 6.06
-7.17 -0.66 6.93
-7.39 -1.22 6.21
-9.10 -1.43 3.99
-9.93 -1.44 2.85
-9.34 -0.94 3.01
-10.19 -1.27 0.91
-10.05 -0.59 0.92
-9.53 0.41 1.26
-10.32 -0.75 -0.22
-10.45 -0.99 -1.24
-10.82 -1.72 -1.23
-9.91 -3.75 -1.19
-9.46 -3.94 -0.84
-8.74 -4.70 -0.37
-8.74 -5.68 -0.50
-8.30 -6.69 -0.44
-6.82 -7.79 -0.11
-6.32 -8.07 -0.01
-5.16 -8.46 0.28
-3.20 -9.09 0.63
-2.61 -9.42 0.49
-1.25 -10.06 0.59
-0.62 -10.45 0.14
0.79 -9.99 0.43
1.52 -9.69 0.09
2.58 -9.26 0.13
3.87 -8.53 0.60
5.05 -7.98 1.01
5.80 -7.14 1.30
6.63 -6.16 1.49
7.53 -4.59 1.90
7.54 -4.03 2.01
8.07 -3.24 1.93
8.37 -2.61 2.21
8.63 -1.54 2.17
8.66 -1.63 1.98
8.71 0.76 2.45
8.52 1.05 2.46
8.27 1.78 2.26
8.28 2.30 2.12
8.39 2.75 1.84
7.87 3.30 1.89
7.85 4.09 2.07
7.43 4.62 1.35
7.23 5.60 1.95
7.01 6.00 1.52
6.39 6.48 0.81
5.96 6.97 0.40
5.30 7.52 -0.01
4.96 7.83 0.04
4.06 8.35 -0.25
3.46 9.39 -0.28
3.53 9.31 -0.87
1.49 9.66 0.26
1.24 9.65 0.23
0.28 9.58 -0.73
-0.30 9.87 -0.22
-0.61 9.85 -0.51
-1.16 10.00 -0.73
-2.00 10.14 -0.50
-2.57 9.80 -0.73
-3.22 9.43 -0.43
-4.48 9.08 -0.43
-4.89 8.60 -0.19
-6.21 8.58 -0.05
-6.83 7.57 -0.11
-7.79 6.71 -0.25
-8.75 6.01 0.05
-9.67 5.06 0.09
-9.66 3.78 0.36
-9.85 2.45 0.50
-10.36 1.51 0.74
-10.25 0.29 0.71
-10.39 -0.60 0.53
-10.09 -1.46 0.37
-10.05 -1.84 0.30
-9.96 -1.88 0.31
-10.39 -1.71 0.14
-9.82 -1.62 0.71
-10.07 -1.76 0.85
-9.72 -0.89 1.91
-10.32 -0.59 0.94
-10.30 -0.76 -0.63
-10.12 0.18 -1.11
-10.36 0.48 -0.81
-10.20 0.81 -1.48
-10.27 0.41 -0.96
-10.25 1.12 -0.91
-10.41 0.60 -0.45
-10.33 -0.27 -0.30
-10.46 -0.86 -0.35
-9.97 -1.94 -0.46
-9.92 -2.10 -0.82
-9.66 -2.86 -0.80
-9.44 -4.07 -1.30
-8.91 -4.78 -1.16
-8.05 -5.89 -1.64
-7.07 -7.00 -1.65
-6.51 -7.59 -2.04
-5.48 -8.10 -1.81
-4.48 -9.37 -1.85
-3.61 -9.52 -1.64
-2.80 -9.53 -1.48
-1.88 -9.86 -1.23
-0.88 -9.89 -0.87
0.37 -10.00 -0.33
0.96 -9.68 -0.91
1.70 -9.75 -0.99
2.00 -9.33 0.12
1.69 -9.49 -1.48
3.27 -9.34 -0.97
3.17 -8.99 -0.92
4.66 -8.22 0.12
4.65 -8.42 -0.37
5.27 -7.99 -0.83
5.17 -7.41 -1.05
5.96 -6.58 -0.32
7.30 -6.10 -0.71
7.66 -5.30 -0.11
7.82 -4.31 -0.80
7.91 -3.42 -1.19
7.94 -1.96 -0.56
8.65 -1.57 -1.40
8.84 -0.03 -1.22
8.97 1.35 -1.13
8.74 2.20 -1.31
8.52 3.25 -1.01
7.60 4.64 -1.19
7.53 4.89 -1.54
7.21 5.62 -0.95
6.31 7.08 -1.91
6.07 7.04 -1.45
4.95 7.26 -1.22
4.37 8.09 -0.91
4.21 9.57 -1.33
2.25 9.58 -1.56
1.33 9.79 -2.06
0.89 9.85 -2.02
0.33 9.43 -1.27
-0.41 10.42 -1.74
-1.30 10.65 -1.60
-2.57 9.66 -1.40
-3.36 9.74 -1.58
-4.50 9.54 -1.27
-5.90 8.58 -1.31
-6.76 7.60 -1.00
-7.49 6.77 -1.42
-8.39 6.12 -0.79
-8.57 5.38 -1.27
-9.25 4.32 -1.04
-10.22 2.70 -0.90
-10.13 2.08 -1.04
-10.41 0.52 -0.98
-10.52 -0.67 -1.39
-9.92 -1.05 -0.84
-10.09 -0.97 -1.09
-9.88 -1.29 -2.06
-9.56 -0.43 -2.17
-10.29 0.07 -2.41
-10.48 -0.04 -2.38
-10.13 0.59 -1.34
-9.98 0.55 -0.80
-10.19 1.06 -0.52
-10.18 0.86 -0.37
-10.26 0.67 -0.89
-10.28 0.34 -0.56
-10.43 0.51 -0.86
-10.29 0.79 -1.14
-9.90 1.05 -0.88
-9.89 2.06 -0.53
-9.83 2.98 -0.16
-9.42 3.37 -0.03
-9.39 4.10 -0.56
-8.81 6.49 -0.14
-7.77 7.43 0.17
-6.67 7.52 0.06
-5.32 8.25 0.21
-3.95 9.40 0.33
-2.22 9.78 0.46
-0.91 10.42 0.50
-0.60 10.74 1.40
0.56 10.35 0.91
0.99 9.65 0.85
1.80 9.72 0.52
2.55 9.11 0.69
3.99 8.72 0.28
4.17 8.68 0.16
5.86 7.57 -0.07
6.32 6.75 -0.34
6.60 5.40 -0.33
7.57 4.82 -0.42
8.16 3.58 -0.63
8.13 3.82 -0.80
8.16 3.01 -1.04
8.77 2.12 -0.85
8.87 1.17 -0.84
9.02 0.18 -0.71
8.75 -0.57 -0.63
8.77 -1.34 -0.29
8.45 -2.81 -0.06
8.33 -3.61 -0.67
8.45 -4.00 -0.47
7.46 -4.65 -0.74
7.18 -5.65 -0.54
6.86 -6.60 -0.77
5.84 -7.11 -0.39
5.38 -7.73 -0.29
4.74 -8.18 -0.36
3.86 -8.90 -1.11
3.25 -10.10 -0.26
1.73 -9.43 -0.94
0.31 -9.40 -1.85
0.91 -11.22 0.58
-0.69 -10.57 -0.84
-2.74 -10.19 0.71
-3.25 -9.60 -0.06
-3.58 -9.41 -0.04
-3.49 -9.42 -0.33
-4.95 -9.64 0.66
-4.04 -9.13 1.29
-4.20 -9.48 1.22
-3.95 -8.90 1.39
-4.21 -8.66 0.94
-4.51 -8.55 0.94
-5.31 -9.10 0.77
-5.11 -8.56 0.89
-5.36 -8.38 1.65
-5.59 -7.55 0.89
-6.54 -7.18 1.65
-6.90 -6.52 1.74
-7.47 -6.36 1.28
-8.74 -5.72 2.31
-9.01 -5.25 1.86
-9.55 -4.70 1.81
-9.46 -4.23 1.69
-9.68 -3.59 1.56
-9.88 -2.82 0.84
-9.44 -2.07 1.07
-9.89 -2.19 0.34
-9.85 -1.65 0.57
-9.95 -1.87 0.38
-10.85 -2.11 -0.06
-10.08 -1.60 0.72
-9.91 -1.96 0.87
-9.97 -1.99 1.11
-10.09 -1.11 0.87
-10.09 -0.88 1.27
-9.92 -1.04 0.80
-9.95 -0.98 0.61
-10.10 -0.35 0.93
-10.33 -0.21 0.57
-10.04 -0.44 0.34
-10.26 -0.03 0.89
-10.50 0.11 0.30
-10.27 -0.44 0.24
-10.15 -0.12 0.17
-10.40 -0.41 -0.07
-9.96 -0.87 -0.27
-10.13 -2.10 -0.05
-9.70 -3.33 0.28
-8.99 -4.32 0.72
-8.70 -5.61 0.42
-7.97 -6.28 0.46
-7.12 -7.03 0.37
-6.08 -8.45 0.99
-4.94 -8.72 0.93
-4.22 -8.93 0.96
-3.61 -9.45 0.74
-2.54 -9.85 0.37
-1.29 -9.95 0.67
-0.46 -9.79 0.52
0.13 -9.92 0.23
1.16 -9.70 0.34
1.51 -9.50 0.69
2.21 -9.62 0.31
2.68 -9.15 -0.13
3.78 -8.79 0.34
4.44 -8.34 0.53
5.35 -7.53 0.55
5.83 -7.07 0.71
6.45 -6.58 1.40
7.06 -5.62 0.80
7.49 -3.66 1.10
8.20 -2.73 1.21
8.57 -2.23 1.62
9.26 -1.63 1.30
8.82 -0.80 1.32
9.29 0.65 1.33
8.51 1.63 1.66
7.76 2.89 1.64
7.43 4.11 1.33
7.22 6.05 1.07
5.80 6.89 1.79
4.53 8.25 1.08
3.19 8.82 0.48
2.17 9.88 0.79
0.59 9.81 1.07
-0.94 9.85 0.92
-1.67 10.39 0.54
-3.42 9.55 1.18
-4.80 8.77 0.32
-5.70 8.27 0.53
-6.50 7.85 0.62
-7.68 6.87 0.40
-8.89 5.39 0.22
-9.18 3.70 0.96
-9.82 3.01 0.71
-10.02 1.74 0.67
-9.83 0.72 0.56
-10.38 -0.11 1.18
-10.05 -1.49 1.08
-10.39 -2.29 0.86
-9.74 -2.85 0.96
-9.71 -3.19 0.56
-9.93 -2.55 0.50
-10.05 -2.27 0.38
-10.21 -1.92 0.74
-10.03 -1.43 0.60
-9.96 -0.71 -0.62
-9.88 0.36 -0.60
-9.81 1.29 -2.00
-10.57 2.36 -1.32
-10.10 2.03 -1.44
-10.04 2.50 -1.63
-10.00 3.17 -2.15
-9.65 3.15 -1.45
-9.95 2.38 -0.61
-9.91 2.15 -0.60
-10.36 2.14 -0.56
-9.94 1.56 0.14
-10.05 2.12 0.48
-10.16 1.46 0.14
-10.35 1.53 0.45
-10.06 1.69 -0.21
-10.09 1.52 0.20
-9.92 1.28 0.64
-9.95 2.41 -0.06
-9.84 3.57 0.15
-9.44 5.62 0.40
-7.17 6.53 0.39
-7.03 7.73 0.51
-6.11 8.51 0.29
-4.65 9.36 0.02
-2.98 9.59 -0.07
-1.44 9.96 -0.35
-0.14 9.89 -0.43
1.26 9.67 -0.70
2.47 9.59 -0.91
3.55 8.99 -0.73
4.67 8.43 -0.88
5.00 8.12 -0.84
5.65 7.12 -0.88
6.72 6.33 -0.52
7.17 5.81 -0.52
7.46 5.11 -0.87
7.77 4.44 -0.53
8.22 3.49 -0.26
8.60 2.24 -0.96
8.89 1.07 -0.92
8.83 0.77 -0.92
9.05 -0.45 -1.62
8.86 -0.84 -0.52
8.45 -1.80 -0.31
8.15 -2.50 0.34
7.95 -4.09 -0.10
7.86 -5.47 -0.44
6.23 -6.19 -0.41
5.55 -7.44 -0.73
3.37 -7.84 -0.54
3.55 -8.85 -0.76
2.03 -9.50 -1.32
0.48 -9.75 -1.74
-1.10 -9.60 -1.97
-3.34 -9.53 -2.46
-4.91 -8.65 -2.44
-6.22 -7.64 -2.07
-6.84 -6.98 -1.87
-7.63 -5.88 -1.84
-8.43 -4.37 -1.67
-9.41 -3.34 -1.14
-9.82 -2.93 -2.32
-10.37 -1.77 -1.75
-10.34 -1.75 -1.84
-10.11 -1.01 -2.00
-10.30 -0.35 -1.88
-9.87 0.48 -2.15
-9.72 1.12 -2.68
-9.25 1.30 -3.36
-9.10 1.84 -4.62
-8.55 1.77 -5.13
-8.04 1.41 -7.10
-7.18 1.09 -8.55
-6.67 0.82 -8.75
-6.03 0.95 -9.30
-5.77 1.10 -8.92
-5.95 1.23 -8.53
-6.56 1.76 -9.17
-6.19 2.33 -8.30
-5.55 2.55 -8.35
-5.60 3.21 -8.38
-5.56 3.59 -8.31
-5.81 4.12 -8.06
-5.62 4.17 -8.12
-5.02 4.38 -8.31
-5.41 5.12 -7.92
-5.14 5.93 -7.57
-4.62 6.34 -7.27
-3.71 7.60 -7.63
-2.25 7.49 -7.66
-1.45 7.05 -7.81
-0.04 6.21 -7.86
0.52 5.94 -8.31
1.02 6.13 -8.24
1.63 5.01 -8.33
2.44 4.71 -8.50
3.23 3.90 -8.63
3.32 4.27 -8.42
4.27 3.76 -8.11
4.21 3.49 -8.11
5.56 3.30 -7.70
5.80 2.42 -7.62
5.87 1.66 -7.66
5.18 1.77 -7.76
6.20 1.25 -7.79
5.41 1.09 -7.74
6.10 0.45 -7.60
8.12 -0.44 -8.30
5.87 -0.52 -6.71
6.73 -1.53 -6.52
6.74 -2.64 -5.97
6.33 -4.06 -5.41
4.56 -4.39 -7.07
3.96 -4.87 -7.36
2.64 -4.90 -7.64
2.69 -5.88 -6.90
1.98 -6.98 -7.75
0.43 -6.22 -7.88
-1.73 -5.79 -9.11
-2.95 -4.56 -9.10
-4.44 -3.83 -9.64
-4.82 -2.39 -9.28
-5.44 -1.69 -9.24
-5.75 -1.31 -8.68
-5.97 -1.46 -8.61
-6.04 -1.72 -9.10
-6.33 -1.61 -8.38
-6.35 -1.32 -8.29
-6.46 -0.99 -8.18
-6.30 -0.77 -7.88
-6.45 -0.65 -8.63
-5.79 -0.32 -8.40
-5.92 0.25 -7.57
-6.16 0.39 -7.56
-6.47 0.10 -8.44
-7.18 -0.16 -8.41
-7.20 -0.21 -8.22
-7.29 -0.25 -7.89
-7.68 0.15 -7.86
-7.42 -0.08 -7.26
-7.11 -0.12 -7.52
-7.60 -0.04 -7.73
-7.47 -0.15 -7.95
-6.90 -0.51 -7.41
-7.52 -0.79 -7.47
-7.13 -1.84 -7.53
-7.23 -2.64 -7.96
-6.58 -3.06 -7.27
-6.44 -3.63 -7.66
-5.85 -4.34 -7.61
-5.06 -5.25 -7.35
-4.55 -5.02 -7.21
-3.89 -5.64 -7.70
-3.36 -5.85 -7.71
-2.66 -5.95 -8.13
-2.19 -5.37 -8.33
-1.60 -4.99 -9.32
-0.79 -5.23 -8.95
-0.77 -5.46 -8.76
-0.43 -5.63 -8.69
0.25 -5.25 -8.43
0.65 -5.21 -8.78
1.19 -4.96 -8.87
1.83 -5.26 -8.68
2.08 -5.12 -8.74
3.26 -4.56 -8.60
3.71 -3.54 -8.16
3.20 -2.46 -8.61
4.25 -2.75 -8.61
4.15 -1.79 -8.32
4.48 -1.46 -8.75
4.35 -0.93 -8.58
4.29 -0.59 -9.31
4.44 -0.11 -8.46
4.92 0.68 -9.58
4.43 1.91 -8.60
4.10 2.27 -7.83
3.62 3.14 -8.26
3.44 4.06 -8.51
2.59 4.86 -7.97
1.37 5.21 -8.73
1.45 5.64 -8.61
0.72 5.36 -8.46
-0.83 5.96 -8.40
-1.48 6.91 -9.40
-2.09 5.44 -8.31
-2.95 5.85 -7.85
-3.22 5.74 -8.08
-2.95 5.57 -8.29
-3.96 5.60 -8.17
-4.47 5.02 -8.10
-4.23 5.34 -7.76
-4.27 4.68 -8.68
-4.96 4.89 -8.52
-5.04 4.43 -7.72
-4.75 4.23 -8.52
-5.32 4.02 -8.35
-5.29 3.67 -8.19
-5.94 3.81 -8.07
-7.02 4.09 -7.52
-6.82 3.14 -7.23
-7.41 3.42 -6.98
-7.91 3.17 -5.90
-7.45 2.52 -7.15
-8.09 1.98 -6.83
-8.15 1.43 -5.96
-7.92 0.76 -6.44
-8.13 0.83 -6.35
-8.44 0.35 -6.31
-7.95 0.37 -6.89
-8.31 1.39 -6.58
-7.73 1.94 -6.97
-7.77 3.24 -7.10
-7.59 3.97 -6.50
-7.16 4.54 -6.70
-6.36 4.80 -5.79
-7.02 5.93 -6.28
-6.58 6.63 -6.67
-5.53 6.24 -6.45
-4.94 6.21 -6.88
-4.72 6.90 -7.54
-3.63 7.40 -6.53
-3.22 8.06 -5.66
-2.47 7.87 -6.60
-1.65 7.06 -6.49
-0.77 7.62 -7.03
-0.36 7.63 -6.62
0.36 7.93 -7.02
1.88 7.02 -6.52
4.19 6.33 -5.76
2.99 6.69 -6.84
3.64 6.49 -7.09
2.03 5.68 -6.97
4.01 5.49 -7.60
5.66 4.68 -7.32
5.25 3.84 -7.10
5.74 3.61 -6.93
5.27 2.65 -7.24
5.54 2.01 -7.52
6.22 2.02 -7.30
6.29 1.00 -7.01
6.29 0.26 -6.93
6.43 -0.91 -6.65
6.36 -2.21 -6.94
5.97 -2.44 -7.18
5.61 -2.95 -6.99
5.93 -2.90 -7.71
5.16 -4.45 -6.96
4.76 -4.26 -7.36
5.12 -3.76 -7.34
4.68 -4.72 -7.64
4.98 -5.09 -7.34
4.27 -4.77 -7.22
4.81 -5.05 -6.70
4.31 -5.25 -7.59
3.88 -4.83 -7.14
2.36 -5.59 -7.83
1.55 -6.52 -8.46
1.31 -6.29 -7.84
0.41 -6.62 -7.91
-0.27 -6.54 -8.13
-1.31 -5.86 -7.78
-2.93 -6.32 -8.65
-3.28 -5.95 -8.08
-4.02 -5.19 -8.02
-5.29 -4.98 -7.66
-5.57 -4.19 -7.50
-6.05 -3.64 -7.48
-7.39 -1.71 -7.34
-8.09 -0.75 -7.16
-7.38 -0.33 -7.38
-7.92 0.85 -6.16
-7.81 1.30 -7.92
-7.52 2.19 -7.81
-7.34 2.60 -7.42
-7.07 2.60 -7.13
-7.37 2.51 -7.45
-6.92 2.10 -7.55
-7.36 2.77 -6.98
-7.54 2.83 -6.75
-7.83 3.08 -6.73
-7.71 2.47 -6.74
-8.16 3.05 -6.70
-8.26 2.59 -6.14
-8.31 1.97 -6.10
-8.15 1.64 -6.05
-8.33 1.13 -6.45
-8.65 0.57 -5.57
-8.22 0.55 -5.74
-8.75 0.62 -6.24
-8.46 0.04 -5.81
-8.37 -0.83 -6.02
-8.43 -1.31 -5.81
-8.47 -1.37 -6.19
-8.01 -2.29 -6.76
-7.66 -2.75 -6.59
-8.01 -2.75 -7.20
-7.20 -3.35 -6.47
-6.21 -4.39 -6.63
-5.79 -5.07 -6.71
-4.41 -5.78 -5.95
-5.80 -6.38 -7.16
-4.80 -6.64 -5.96
-5.13 -7.15 -5.75
-4.51 -7.01 -5.99
-4.83 -7.99 -6.15
-3.31 -7.79 -6.86
-3.41 -7.02 -5.78
-3.05 -7.95 -6.75
-3.14 -7.50 -7.13
-2.71 -7.69 -5.82
-2.13 -7.99 -6.74
-0.73 -7.74 -6.12
-1.06 -7.39 -6.70
0.11 -7.59 -6.73
1.33 -7.99 -6.04
1.74 -6.84 -7.43
1.78 -6.44 -7.55
3.40 -5.95 -7.86
3.57 -5.60 -7.51
4.36 -4.06 -8.07
5.45 -3.31 -6.92
4.29 -3.63 -7.01
5.24 -1.79 -7.42
5.83 -1.57 -7.42
5.48 -1.62 -8.26
6.50 -0.51 -7.55
5.72 1.36 -8.00
5.27 0.89 -8.23
5.19 2.63 -8.05
5.04 2.47 -8.17
4.24 3.69 -7.24
2.67 6.28 -6.42
1.22 7.91 -5.97
1.52 7.56 -7.84
2.61 4.67 -7.66
0.53 6.41 -7.73
-0.42 6.27 -8.53
-1.26 7.04 -7.92
-2.07 6.56 -8.08
-2.80 6.07 -7.89
-4.02 5.93 -8.47
-4.63 4.57 -8.42
-5.81 3.68 -8.60
-6.19 3.07 -8.21
-5.93 2.37 -8.38
-6.99 1.78 -8.66
-6.68 0.61 -8.58
-6.70 -0.11 -8.39
-6.82 0.23 -8.70
-7.25 -1.72 -7.26
-7.15 -1.04 -7.94
-6.39 -1.68 -7.77
-6.61 -1.83 -8.19
-5.80 -3.23 -8.10
-5.93 -3.17 -7.89
-5.47 -5.37 -7.01
-4.91 -5.29 -7.87
-3.48 -6.46 -7.70
-4.43 -6.69 -8.34
-2.65 -6.51 -7.43
-1.24 -6.82 -7.65
-2.18 -6.16 -7.25
-2.15 -6.81 -7.51
-1.33 -6.96 -7.49
-0.49 -6.59 -7.43
-1.34 -6.14 -7.81
-0.49 -5.89 -8.01
0.88 -6.23 -8.18
1.30 -6.05 -8.14
0.23 -5.59 -8.83
0.65 -5.54 -8.74
1.42 -5.91 -8.50
1.49 -5.62 -8.48
1.94 -4.44 -8.30
2.27 -4.50 -8.68
2.40 -4.15 -8.95
2.79 -3.92 -8.83
2.31 -4.07 -9.06
2.71 -3.99 -9.33
1.35 -3.71 -9.37
0.46 -4.09 -9.41
0.37 -4.94 -9.08
0.09 -5.42 -8.84
-0.49 -5.67 -8.89
-3.12 -4.00 -9.36
-3.14 -4.55 -9.01
-3.44 -4.63 -9.04
-3.83 -4.45 -9.04
-4.20 -3.95 -8.98
-4.64 -2.96 -8.79
-5.19 -2.35 -8.69
-6.02 -1.93 -8.56
-6.93 -1.41 -8.56
-6.83 -0.97 -7.89
-6.19 -0.47 -8.18
-6.64 0.22 -8.19
-6.24 0.69 -7.83
-6.96 1.23 -7.88
-7.64 1.72 -7.31
-7.48 2.83 -7.07
-7.43 3.00 -6.89
-8.09 3.54 -5.62
-8.32 4.46 -5.81
-7.41 4.78 -5.65
-7.22 6.00 -5.85
-6.46 7.20 -5.72
-3.89 6.74 -5.69
-2.20 6.94 -5.65
-2.23 8.05 -5.94
-1.98 8.29 -6.60
-1.56 7.62 -6.79
-0.71 7.23 -7.14
-0.32 7.04 -7.53
-0.22 6.63 -7.83
0.47 6.54 -8.45
1.50 5.73 -8.81
1.86 4.79 -9.09
1.65 4.13 -9.29
1.74 3.87 -9.58
1.31 3.27 -9.87
1.77 2.09 -10.00
1.14 1.98 -10.04
0.58 1.36 -10.41
0.89 0.66 -10.20
0.66 0.40 -10.25
0.55 0.94 -10.19
0.74 0.75 -10.70
0.22 0.74 -10.39
-0.02 0.72 -10.53
-0.26 0.90 -10.01
-0.51 0.98 -9.91
0.05 0.51 -10.44
-0.41 0.37 -10.52
0.03 -0.50 -10.34
0.23 -0.61 -10.14
1.59 -0.53 -10.23
1.89 -0.78 -10.24
2.03 -1.42 -10.29
0.78 -0.43 -9.69
0.46 0.16 -9.41
-0.05 0.08 -10.02
0.09 -0.45 -9.93
1.03 -0.77 -9.77
0.59 -1.15 -10.64
-0.41 -0.83 -11.21
-1.33 0.15 -10.69
-1.99 0.57 -10.57
-2.09 0.87 -10.19
-1.83 0.56 -10.27
-1.61 0.42 -10.14
-1.28 0.42 -9.77
-1.57 0.43 -10.33
-2.70 0.65 -9.78
-1.35 0.13 -10.37
-1.44 0.00 -9.95
-2.08 0.15 -10.62
-1.62 0.41 -10.56
-1.34 0.45 -10.43
-1.44 0.24 -10.41
-1.80 0.47 -10.65
-2.28 0.99 -10.67
-2.41 1.62 -10.05
-2.34 1.46 -10.11
-2.24 1.53 -10.23
-1.93 1.47 -10.47
-1.58 1.16 -10.65
-1.65 1.29 -10.12
-1.47 0.95 -10.39
-0.98 -0.16 -10.63
-0.34 -0.95 -10.43
-0.47 -0.75 -10.16
-0.94 -0.42 -10.16
-1.03 -0.28 -10.36
-0.77 -0.35 -10.44
-0.68 -0.50 -10.18
-1.03 -0.04 -10.59
-0.80 0.07 -10.21
-0.90 0.11 -10.33
-0.75 0.15 -10.47
-1.11 -0.72 -10.12
-1.65 -0.83 -10.08
-1.38 -1.15 -10.33
-1.22 -0.91 -10.88
-1.47 -0.57 -10.75
-1.17 -0.20 -10.39
-0.77 -0.37 -10.29
-0.82 -0.17 -10.60
0.05 -0.32 -10.00
-0.58 0.26 -10.54
-0.49 0.27 -10.49
-0.58 0.43 -10.61
-0.09 0.01 -10.53
0.43 -0.29 -9.54
-0.03 0.15 -10.35
-0.10 0.20 -10.65
0.32 0.18 -10.77
0.07 0.24 -10.76
2.58 -0.81 -10.18
3.85 -0.98 -8.75
5.31 -1.55 -8.55
6.07 -1.42 -8.18
6.49 -0.08 -6.59
6.81 -0.19 -6.41
7.49 0.29 -5.61
7.46 1.02 -5.18
7.79 1.64 -4.83
7.75 1.83 -4.04
8.03 2.88 -3.36
8.70 3.87 -2.58
6.99 4.19 -3.85
6.57 5.75 -3.16
5.44 6.41 -3.66
5.37 6.73 -3.50
4.45 7.75 -3.52
4.76 8.04 -3.57
5.06 7.40 -4.21
4.34 8.47 -3.51
3.82 7.80 -4.15
4.07 8.41 -4.36
3.61 7.86 -4.62
3.20 10.01 -3.82
