0.08 0.08 -0.49
0.08 0.09 -0.49
0.08 0.08 -0.49
0.08 0.09 -0.49
0.08 0.09 -0.49
0.06 0.09 -0.49
0.05 0.09 -0.49
0.03 0.08 -0.49
0.00 0.05 -0.49
-0.02 0.03 -0.49
-0.04 0.02 -0.49
-0.06 -0.02 -0.48
-0.06 -0.07 -0.49
-0.05 -0.10 -0.49
-0.03 -0.12 -0.48
-0.02 -0.16 -0.48
-0.01 -0.19 -0.48
0.01 -0.20 -0.48
0.03 -0.25 -0.46
0.06 -0.27 -0.45
0.17 -0.19 -0.47
0.20 -0.21 -0.46
0.20 -0.17 -0.47
0.19 -0.16 -0.47
0.19 -0.14 -0.47
0.20 -0.12 -0.48
0.22 -0.11 -0.47
0.23 -0.10 -0.47
0.24 -0.08 -0.47
0.21 -0.04 -0.48
0.23 0.01 -0.47
0.24 0.06 -0.47
0.25 0.10 -0.46
0.22 0.13 -0.46
0.17 0.15 -0.46
0.15 0.15 -0.46
0.14 0.14 -0.47
0.15 0.14 -0.47
0.21 0.13 -0.46
0.31 0.14 -0.43
0.35 0.15 -0.40
0.39 0.11 -0.40
0.43 0.06 -0.38
0.45 -0.01 -0.37
0.44 -0.05 -0.38
0.42 -0.10 -0.39
0.42 -0.15 -0.38
0.41 -0.19 -0.38
0.37 -0.27 -0.37
0.31 -0.34 -0.36
0.22 -0.39 -0.35
0.16 -0.42 -0.35
0.08 -0.42 -0.36
0.04 -0.41 -0.36
-0.03 -0.40 -0.36
-0.11 -0.38 -0.35
-0.22 -0.33 -0.32
-0.28 -0.27 -0.31
-0.30 -0.21 -0.31
-0.32 -0.17 -0.30
-0.34 -0.16 -0.29
-0.35 -0.11 -0.28
-0.35 -0.04 -0.29
-0.29 0.13 -0.29
-0.24 0.23 -0.28
-0.16 0.29 -0.29
0.05 0.33 -0.35
0.15 0.32 -0.36
0.26 0.30 -0.35
0.37 0.27 -0.33
0.41 0.24 -0.31
0.50 0.22 -0.24
0.60 0.18 -0.03
0.62 0.07 0.08
0.62 0.00 0.11
0.62 -0.02 0.11
0.62 0.05 0.09
0.59 0.17 0.06
0.52 0.31 0.03
0.35 0.43 -0.01
0.16 0.49 -0.03
-0.07 0.45 -0.05
-0.27 0.33 -0.04
-0.36 0.22 -0.05
-0.41 0.10 -0.07
-0.43 0.02 -0.09
-0.42 -0.00 -0.12
-0.42 -0.04 -0.15
-0.42 -0.08 -0.17
-0.39 -0.17 -0.21
-0.36 -0.29 -0.20
-0.30 -0.39 -0.17
-0.23 -0.46 -0.18
-0.17 -0.50 -0.18
-0.09 -0.52 -0.19
0.04 -0.54 -0.21
0.24 -0.49 -0.23
0.38 -0.40 -0.23
0.52 -0.22 -0.23
0.58 -0.09 -0.21
0.58 -0.00 -0.21
0.57 0.07 -0.23
0.55 0.12 -0.23
0.54 0.15 -0.23
0.54 0.16 -0.24
0.52 0.16 -0.25
0.50 0.20 -0.25
0.46 0.26 -0.27
0.39 0.32 -0.27
0.33 0.36 -0.26
0.18 0.40 -0.27
-0.02 0.41 -0.23
-0.18 0.33 -0.22
-0.28 0.24 -0.22
-0.33 0.15 -0.23
-0.34 0.09 -0.25
-0.35 0.05 -0.26
-0.33 0.12 -0.26
-0.25 0.23 -0.26
-0.13 0.34 -0.25
0.02 0.40 -0.24
0.15 0.41 -0.24
0.23 0.40 -0.23
0.31 0.33 -0.29
0.33 0.22 -0.37
0.38 0.16 -0.38
0.39 0.09 -0.39
0.43 0.00 -0.38
0.43 -0.10 -0.37
0.43 -0.20 -0.34
0.39 -0.26 -0.34
0.35 -0.31 -0.34
0.31 -0.34 -0.34
0.26 -0.38 -0.33
0.18 -0.42 -0.34
0.05 -0.42 -0.35
-0.11 -0.40 -0.33
-0.19 -0.32 -0.34
-0.21 -0.29 -0.35
-0.25 -0.24 -0.34
-0.24 -0.18 -0.37
-0.27 -0.07 -0.36
-0.25 -0.01 -0.37
-0.21 0.02 -0.39
-0.19 0.01 -0.41
-0.20 0.04 -0.40
-0.20 0.00 -0.39
-0.20 -0.02 -0.40
-0.21 -0.07 -0.40
-0.23 -0.10 -0.39
-0.20 -0.14 -0.40
-0.20 -0.15 -0.40
-0.21 -0.14 -0.40
-0.21 -0.12 -0.40
-0.20 -0.17 -0.40
-0.15 -0.24 -0.41
-0.04 -0.30 -0.42
0.06 -0.30 -0.43
0.15 -0.30 -0.44
0.25 -0.23 -0.44
0.30 -0.18 -0.44
0.33 -0.17 -0.43
0.35 -0.13 -0.43
0.35 -0.10 -0.43
0.35 -0.08 -0.43
0.35 -0.04 -0.44
0.33 -0.01 -0.44
0.30 0.05 -0.45
0.25 0.07 -0.46
0.16 0.07 -0.47
0.13 0.07 -0.48
0.11 0.09 -0.47
0.07 0.14 -0.46
0.01 0.15 -0.44
-0.08 0.12 -0.43
-0.11 0.12 -0.42
-0.16 0.10 -0.40
-0.21 0.09 -0.37
-0.26 0.07 -0.34
-0.28 0.10 -0.31
-0.31 0.11 -0.28
-0.37 0.02 -0.23
-0.42 -0.08 -0.15
-0.42 -0.20 -0.10
-0.40 -0.27 -0.10
-0.38 -0.32 -0.11
-0.38 -0.30 -0.12
-0.41 -0.22 -0.13
-0.42 -0.06 -0.14
-0.38 0.11 -0.14
-0.29 0.27 -0.14
-0.14 0.39 -0.13
0.05 0.46 -0.14
0.21 0.45 -0.14
0.34 0.42 -0.13
0.48 0.32 -0.14
0.56 0.20 -0.14
0.61 0.08 -0.11
0.63 -0.07 -0.08
0.61 -0.15 -0.08
0.57 -0.27 -0.06
0.46 -0.42 -0.04
0.35 -0.51 -0.03
0.17 -0.58 -0.04
-0.03 -0.59 -0.05
-0.14 -0.54 -0.09
-0.24 -0.47 -0.13
-0.29 -0.42 -0.15
-0.33 -0.35 -0.17
-0.36 -0.31 -0.17
-0.39 -0.26 -0.15
-0.42 -0.19 -0.11
-0.43 -0.15 -0.10
-0.45 -0.06 -0.05
-0.44 0.06 0.02
-0.41 0.12 0.04
-0.40 0.14 0.04
-0.39 0.17 0.08
-0.35 0.19 0.17
-0.27 0.25 0.23
-0.20 0.32 0.21
-0.07 0.40 0.22
0.01 0.44 0.17
0.03 0.46 0.12
0.07 0.47 0.10
0.17 0.47 0.11
0.31 0.44 0.11
0.47 0.35 0.07
0.56 0.24 0.06
0.61 0.12 0.06
0.63 0.02 0.06
0.63 -0.03 0.07
0.62 -0.07 0.08
0.61 -0.18 0.06
0.54 -0.33 0.07
0.47 -0.40 0.09
0.35 -0.49 0.13
0.22 -0.56 0.12
0.18 -0.57 0.14
0.11 -0.58 0.15
-0.04 -0.59 0.10
-0.21 -0.52 0.11
-0.33 -0.43 0.09
-0.42 -0.30 0.06
-0.45 -0.17 0.08
-0.45 -0.05 0.11
-0.43 0.05 0.12
-0.40 0.12 0.15
-0.37 0.19 0.13
-0.30 0.30 0.08
-0.24 0.36 0.07
-0.19 0.39 0.08
-0.18 0.39 0.10
-0.13 0.43 0.08
-0.06 0.46 0.02
0.02 0.47 0.11
0.11 0.46 0.16
0.18 0.42 0.24
0.21 0.40 0.26
0.23 0.38 0.28
0.20 0.42 0.24
0.15 0.45 0.20
0.15 0.44 0.22
0.18 0.44 0.21
0.22 0.45 0.17
0.22 0.45 0.15
0.15 0.46 0.15
-0.00 0.46 0.14
-0.19 0.38 0.13
-0.36 0.23 0.10
-0.43 0.09 0.09
-0.45 -0.01 0.08
-0.46 -0.09 0.09
-0.45 -0.15 0.10
-0.44 -0.19 0.11
-0.42 -0.28 0.11
-0.40 -0.33 0.08
-0.36 -0.40 0.07
-0.26 -0.50 0.06
-0.07 -0.59 0.03
0.08 -0.60 0.02
0.25 -0.56 0.04
0.40 -0.47 0.08
0.49 -0.37 0.13
0.57 -0.23 0.16
0.60 -0.09 0.17
0.60 0.02 0.17
0.59 0.11 0.16
0.56 0.21 0.15
0.46 0.36 0.09
0.37 0.43 0.06
0.30 0.46 0.08
0.21 0.48 0.08
0.14 0.48 0.10
0.09 0.47 0.12
0.09 0.46 0.15
0.13 0.46 0.16
0.21 0.45 0.15
0.27 0.44 0.12
0.22 0.46 0.09
0.20 0.47 0.05
0.20 0.47 0.03
0.16 0.48 0.01
-0.00 0.47 -0.01
-0.22 0.36 -0.01
-0.35 0.22 -0.03
-0.42 0.08 -0.01
-0.45 -0.05 -0.00
-0.44 -0.20 0.01
-0.41 -0.29 0.01
-0.37 -0.38 0.01
-0.32 -0.44 0.01
-0.27 -0.49 0.01
-0.20 -0.53 0.01
-0.11 -0.57 0.00
-0.04 -0.58 0.02
0.06 -0.59 0.01
0.20 -0.57 -0.00
0.33 -0.51 0.03
0.46 -0.40 0.02
0.57 -0.24 -0.00
0.61 -0.02 -0.02
0.59 0.13 -0.03
0.54 0.24 -0.07
0.44 0.35 -0.06
0.37 0.41 -0.05
0.31 0.44 -0.05
0.27 0.45 -0.03
0.26 0.45 -0.06
0.26 0.44 -0.12
0.26 0.42 -0.19
0.26 0.36 -0.28
0.25 0.30 -0.36
0.27 0.27 -0.38
0.35 0.25 -0.34
0.43 0.22 -0.29
0.49 0.16 -0.27
0.53 0.05 -0.27
0.51 -0.08 -0.30
0.45 -0.18 -0.34
0.35 -0.29 -0.36
0.27 -0.33 -0.37
0.18 -0.35 -0.39
0.09 -0.37 -0.39
0.03 -0.37 -0.38
-0.04 -0.35 -0.38
-0.08 -0.34 -0.38
-0.12 -0.31 -0.38
-0.16 -0.27 -0.38
-0.19 -0.23 -0.37
-0.17 -0.17 -0.41
-0.19 -0.08 -0.41
-0.16 -0.03 -0.42
-0.16 0.04 -0.41
-0.13 0.08 -0.42
-0.07 0.14 -0.42
-0.04 0.19 -0.41
0.03 0.20 -0.42
0.05 0.21 -0.42
0.13 0.20 -0.43
0.20 0.20 -0.42
0.24 0.19 -0.42
0.23 0.18 -0.42
0.22 0.16 -0.44
0.18 0.12 -0.46
0.21 0.12 -0.45
0.14 0.13 -0.46
0.15 0.16 -0.44
0.11 0.15 -0.45
0.11 0.10 -0.47
0.09 0.12 -0.46
0.07 0.15 -0.46
0.02 0.17 -0.44
-0.04 0.16 -0.43
-0.09 0.15 -0.42
-0.14 0.10 -0.41
-0.16 0.05 -0.42
-0.17 -0.01 -0.42
-0.17 -0.05 -0.43
-0.17 -0.08 -0.42
-0.15 -0.09 -0.43
-0.15 -0.10 -0.43
-0.12 -0.15 -0.44
-0.09 -0.27 -0.42
-0.02 -0.29 -0.43
0.07 -0.29 -0.44
0.17 -0.28 -0.43
0.22 -0.23 -0.45
0.27 -0.20 -0.44
0.27 -0.17 -0.45
0.29 -0.16 -0.45
0.31 -0.08 -0.45
0.33 -0.01 -0.45
0.29 0.04 -0.45
0.25 0.03 -0.46
0.21 0.06 -0.47
0.20 0.09 -0.46
0.17 0.12 -0.46
0.11 0.15 -0.45
0.09 0.17 -0.45
0.06 0.17 -0.44
0.01 0.22 -0.41
-0.05 0.29 -0.35
-0.09 0.34 -0.28
-0.10 0.36 -0.25
-0.09 0.35 -0.27
-0.08 0.35 -0.28
-0.07 0.32 -0.31
-0.04 0.33 -0.31
0.03 0.38 -0.28
0.12 0.39 -0.28
0.26 0.32 -0.33
0.36 0.26 -0.33
0.41 0.21 -0.33
0.46 0.15 -0.32
0.49 0.06 -0.31
0.52 -0.05 -0.30
0.49 -0.17 -0.29
0.44 -0.30 -0.28
0.36 -0.41 -0.23
0.27 -0.45 -0.26
0.18 -0.48 -0.26
0.10 -0.46 -0.30
0.05 -0.49 -0.28
-0.02 -0.48 -0.28
-0.08 -0.45 -0.29
-0.12 -0.41 -0.31
-0.18 -0.39 -0.30
-0.23 -0.34 -0.30
-0.27 -0.22 -0.33
-0.29 -0.14 -0.34
-0.29 -0.10 -0.34
-0.29 -0.04 -0.35
-0.28 0.01 -0.35
-0.26 0.06 -0.35
-0.23 0.16 -0.32
-0.18 0.22 -0.33
-0.18 0.26 -0.30
-0.17 0.30 -0.27
-0.15 0.35 -0.23
-0.08 0.39 -0.21
-0.03 0.43 -0.16
0.02 0.46 -0.11
0.09 0.48 -0.07
0.15 0.48 -0.04
0.19 0.48 -0.04
0.32 0.44 -0.07
0.38 0.41 -0.08
0.43 0.37 -0.10
0.50 0.29 -0.13
0.54 0.22 -0.13
0.57 0.16 -0.13
0.59 0.07 -0.15
0.59 -0.01 -0.18
0.57 -0.08 -0.20
0.57 -0.13 -0.20
0.55 -0.21 -0.19
0.50 -0.24 -0.24
0.48 -0.27 -0.25
0.37 -0.41 -0.23
0.24 -0.49 -0.21
0.07 -0.52 -0.21
-0.14 -0.50 -0.18
-0.27 -0.43 -0.14
-0.36 -0.34 -0.09
-0.41 -0.24 -0.08
-0.44 -0.13 -0.06
-0.44 -0.04 -0.04
-0.43 0.02 -0.03
-0.42 0.09 -0.02
-0.39 0.14 -0.05
-0.34 0.21 -0.11
-0.26 0.27 -0.19
-0.19 0.32 -0.21
-0.16 0.36 -0.16
-0.12 0.39 -0.16
-0.06 0.42 -0.15
-0.00 0.44 -0.16
0.13 0.45 -0.17
0.26 0.43 -0.17
0.37 0.38 -0.17
0.45 0.30 -0.18
0.49 0.27 -0.18
0.49 0.27 -0.18
0.48 0.28 -0.19
0.46 0.29 -0.20
0.45 0.30 -0.20
0.42 0.32 -0.21
0.39 0.35 -0.21
0.35 0.34 -0.26
0.30 0.32 -0.31
0.22 0.25 -0.39
0.16 0.19 -0.43
0.11 0.13 -0.45
0.18 0.14 -0.44
0.29 0.14 -0.41
0.35 0.08 -0.40
0.40 0.01 -0.39
0.44 -0.02 -0.36
0.44 -0.05 -0.36
0.37 -0.09 -0.40
0.28 -0.15 -0.43
0.28 -0.17 -0.43
0.25 -0.22 -0.42
0.22 -0.24 -0.43
0.19 -0.24 -0.44
0.13 -0.25 -0.44
0.04 -0.29 -0.43
-0.02 -0.28 -0.42
-0.07 -0.24 -0.42
-0.14 -0.22 -0.40
-0.26 -0.19 -0.34
-0.33 -0.14 -0.28
-0.38 -0.10 -0.23
-0.41 -0.04 -0.16
-0.42 -0.02 -0.12
-0.41 0.05 -0.11
-0.32 0.17 -0.20
-0.21 0.27 -0.23
-0.15 0.33 -0.22
-0.11 0.38 -0.19
-0.07 0.42 -0.14
-0.02 0.44 -0.11
0.14 0.48 -0.04
0.27 0.46 0.03
0.40 0.39 0.11
0.50 0.27 0.17
0.56 0.06 0.22
0.55 -0.09 0.25
0.50 -0.20 0.28
0.42 -0.30 0.31
0.33 -0.38 0.32
0.23 -0.45 0.30
0.13 -0.50 0.28
0.04 -0.53 0.25
-0.06 -0.54 0.19
-0.21 -0.51 0.11
-0.27 -0.47 0.03
-0.27 -0.46 -0.09
-0.24 -0.43 -0.22
-0.17 -0.38 -0.30
-0.11 -0.35 -0.36
-0.02 -0.33 -0.40
0.09 -0.28 -0.44
0.19 -0.24 -0.45
0.28 -0.18 -0.44
0.38 -0.15 -0.40
0.45 -0.11 -0.36
0.51 -0.06 -0.30
0.59 0.02 -0.19
0.61 0.13 -0.04
0.58 0.20 0.04
0.49 0.31 0.13
0.39 0.37 0.18
0.23 0.43 0.20
0.06 0.43 0.22
-0.11 0.39 0.21
-0.21 0.33 0.19
-0.30 0.26 0.16
-0.38 0.13 0.17
-0.37 0.06 0.24
-0.29 0.07 0.35
-0.17 0.13 0.41
-0.03 0.15 0.46
0.09 0.15 0.47
0.19 0.19 0.44
0.25 0.17 0.43
0.27 0.17 0.43
0.29 0.20 0.41
0.36 0.19 0.38
0.16 0.20 0.44
0.09 0.18 0.46
0.04 0.22 0.43
0.07 0.30 0.39
0.08 0.39 0.29
0.14 0.39 0.28
0.07 -0.06 0.53
0.07 -0.06 0.53
0.08 -0.06 0.53
0.07 -0.06 0.53
0.07 -0.07 0.53
0.06 -0.06 0.52
0.06 -0.07 0.53
0.06 -0.07 0.53
0.06 -0.08 0.52
0.06 -0.10 0.52
0.07 -0.13 0.52
0.07 -0.15 0.51
0.06 -0.16 0.51
0.05 -0.16 0.51
0.03 -0.15 0.52
-0.01 -0.14 0.51
-0.02 -0.13 0.51
-0.01 -0.13 0.51
-0.02 -0.13 0.51
-0.05 -0.20 0.49
-0.02 -0.16 0.51
-0.01 -0.16 0.51
0.01 -0.13 0.51
0.01 -0.12 0.52
0.03 -0.10 0.52
0.06 -0.10 0.52
0.08 -0.11 0.52
0.10 -0.13 0.52
0.09 -0.14 0.52
0.07 -0.15 0.52
0.06 -0.12 0.52
0.04 -0.12 0.53
0.05 -0.13 0.52
0.04 -0.17 0.52
0.04 -0.17 0.52
0.05 -0.16 0.52
0.06 -0.14 0.52
0.09 -0.15 0.52
0.09 -0.15 0.52
0.09 -0.16 0.52
0.09 -0.15 0.51
0.09 -0.15 0.51
0.09 -0.16 0.51
0.06 -0.17 0.51
0.03 -0.19 0.50
0.01 -0.19 0.50
0.02 -0.20 0.50
0.07 -0.24 0.49
0.14 -0.27 0.48
0.19 -0.26 0.47
0.20 -0.22 0.48
0.21 -0.19 0.49
0.21 -0.16 0.49
0.20 -0.14 0.50
0.18 -0.16 0.50
0.18 -0.18 0.50
0.18 -0.21 0.49
0.21 -0.26 0.47
0.20 -0.25 0.47
0.20 -0.21 0.49
0.22 -0.20 0.48
0.24 -0.22 0.47
0.25 -0.19 0.48
0.24 -0.16 0.49
0.25 -0.15 0.49
0.27 -0.14 0.48
0.24 -0.11 0.50
0.25 -0.07 0.49
0.24 -0.05 0.50
0.23 -0.01 0.50
0.20 0.05 0.50
0.16 0.13 0.48
0.10 0.19 0.46
0.04 0.22 0.44
0.01 0.23 0.43
-0.03 0.23 0.42
-0.05 0.21 0.42
-0.06 0.19 0.43
-0.07 0.19 0.43
-0.11 0.17 0.42
-0.15 0.16 0.41
-0.19 0.12 0.41
-0.22 0.07 0.41
-0.28 0.02 0.38
-0.31 -0.05 0.36
-0.33 -0.11 0.35
-0.34 -0.17 0.33
-0.34 -0.20 0.32
-0.35 -0.24 0.30
-0.34 -0.28 0.29
-0.30 -0.34 0.29
-0.27 -0.37 0.30
-0.22 -0.41 0.31
-0.17 -0.45 0.30
-0.12 -0.46 0.32
-0.04 -0.46 0.34
-0.01 -0.45 0.35
0.03 -0.45 0.36
0.12 -0.41 0.40
0.19 -0.36 0.42
0.20 -0.29 0.45
0.17 -0.20 0.49
0.14 -0.16 0.50
0.12 -0.12 0.51
0.09 -0.08 0.52
0.05 -0.07 0.52
0.04 -0.07 0.52
0.01 -0.09 0.51
-0.02 -0.13 0.50
-0.06 -0.20 0.48
-0.09 -0.24 0.46
-0.12 -0.24 0.46
-0.12 -0.25 0.45
-0.12 -0.25 0.45
-0.10 -0.25 0.45
-0.08 -0.26 0.46
-0.04 -0.26 0.46
-0.02 -0.26 0.47
0.01 -0.26 0.47
0.04 -0.29 0.46
0.06 -0.31 0.45
0.08 -0.30 0.46
0.12 -0.24 0.48
0.16 -0.21 0.49
0.19 -0.21 0.48
0.22 -0.17 0.48
0.23 -0.13 0.49
0.22 -0.12 0.49
0.19 -0.13 0.50
0.17 -0.09 0.51
0.15 -0.06 0.51
0.16 -0.08 0.51
0.17 -0.08 0.51
0.17 -0.07 0.51
0.20 -0.08 0.51
0.22 -0.02 0.50
0.21 0.02 0.50
0.21 0.01 0.50
0.19 -0.01 0.51
0.20 -0.02 0.51
0.24 -0.04 0.50
0.29 -0.11 0.47
0.31 -0.15 0.46
0.31 -0.19 0.45
0.28 -0.24 0.44
0.24 -0.27 0.44
0.19 -0.31 0.44
0.14 -0.40 0.39
0.09 -0.44 0.36
0.08 -0.46 0.34
0.01 -0.48 0.32
-0.01 -0.47 0.33
-0.02 -0.45 0.35
-0.06 -0.45 0.34
-0.11 -0.43 0.35
-0.15 -0.37 0.38
-0.16 -0.29 0.42
-0.12 -0.20 0.47
-0.06 -0.15 0.50
-0.01 -0.13 0.51
0.04 -0.13 0.51
0.06 -0.15 0.51
0.09 -0.16 0.51
0.15 -0.17 0.50
0.17 -0.18 0.50
0.20 -0.19 0.49
0.24 -0.21 0.47
0.28 -0.20 0.46
0.32 -0.19 0.45
0.33 -0.18 0.44
0.35 -0.19 0.43
0.37 -0.24 0.40
0.38 -0.26 0.38
0.42 -0.25 0.35
0.45 -0.25 0.33
0.49 -0.24 0.29
0.51 -0.21 0.27
0.52 -0.19 0.28
0.47 -0.20 0.32
0.40 -0.18 0.39
0.35 -0.13 0.44
0.34 -0.11 0.44
0.32 -0.14 0.45
0.26 -0.18 0.47
0.20 -0.21 0.48
0.14 -0.23 0.48
0.16 -0.24 0.47
0.25 -0.24 0.45
0.33 -0.19 0.43
0.36 -0.12 0.43
0.34 -0.02 0.45
0.29 0.01 0.47
0.22 -0.01 0.50
0.15 -0.02 0.51
0.17 -0.05 0.51
0.15 -0.06 0.51
0.13 -0.06 0.52
0.18 -0.11 0.51
0.26 -0.25 0.45
0.33 -0.35 0.36
0.37 -0.40 0.27
0.40 -0.44 0.19
0.44 -0.44 0.08
0.47 -0.42 0.03
0.48 -0.40 0.01
0.48 -0.40 -0.04
0.49 -0.39 -0.05
