39.00  11.45  -66.53  
38.73  11.45  -66.94  
37.82  11.64  -67.14  
37.73  11.73  -67.14  
37.91  11.91  -67.45  
37.55  11.55  -67.24  
37.73  11.64  -67.24  
37.73  11.73  -67.65  
37.55  11.91  -67.04  
37.64  11.73  -67.65  
37.91  11.91  -67.14  
36.91  9.27  -67.65  
23.73  -2.27  -69.80  
17.45  -6.00  -69.59  
-2.73  -9.91  -67.86  
-11.27  -8.55  -66.63  
-21.82  -3.00  -65.20  
-26.55  0.82  -63.98  
-27.91  3.09  -63.78  
-27.36  6.64  -64.90  
-26.45  9.00  -65.00  
-26.18  12.55  -65.10  
-26.18  13.82  -64.90  
-26.18  16.73  -64.59  
-24.91  18.27  -64.69  
-23.73  19.36  -65.51  
-21.64  21.00  -65.82  
-20.45  21.82  -65.92  
-19.91  22.45  -66.22  
-20.45  22.91  -65.51  
-22.91  20.73  -65.31  
-26.27  15.00  -64.59  
-25.36  11.27  -65.51  
-18.18  0.18  -67.55  
-13.64  -4.36  -67.86  
-0.27  -10.64  -68.06  
17.36  -10.91  -67.65  
24.91  -8.91  -67.45  
34.64  -3.91  -66.12  
38.73  -0.73  -65.41  
46.36  8.36  -63.16  
47.91  12.55  -62.14  
46.91  20.64  -61.12  
44.45  25.36  -61.22  
44.36  26.18  -60.71  
41.45  27.91  -61.22  
41.09  28.73  -61.33  
42.09  27.45  -61.33  
42.00  27.00  -61.63  
42.00  24.82  -62.76  
43.91  17.82  -63.16  
43.64  7.00  -64.59  
26.73  -11.36  -66.02  
19.27  -15.00  -65.61  
5.36  -18.09  -64.59  
-4.82  -17.36  -64.08  
-8.64  -15.91  -63.88  
-14.64  -11.91  -64.59  
-14.91  -10.73  -65.00  
-17.55  -8.00  -65.20  
-18.82  -6.73  -65.31  
-20.27  -4.45  -65.41  
-20.73  -2.82  -65.92  
-20.18  -1.36  -66.53  
-23.36  0.82  -65.82  
-22.91  -1.64  -65.71  
-23.45  -0.73  -65.82  
-23.36  1.55  -66.84  
-21.27  3.55  -67.35  
-19.82  10.36  -68.16  
-19.00  12.82  -68.27  
-17.27  13.73  -68.78  
-15.45  17.09  -68.98  
-11.18  20.55  -69.29  
-9.18  22.27  -69.18  
-9.55  22.36  -69.29  
-8.00  22.18  -69.49  
-7.55  22.00  -69.49  
-4.18  21.73  -70.10  
-4.27  21.64  -70.10  
-4.45  23.27  -69.80  
-6.27  25.27  -68.88  
-7.00  25.36  -68.67  
-6.00  25.00  -68.78  
-4.73  24.45  -69.18  
-2.45  24.55  -69.59  
-2.36  24.45  -69.49  
6.36  24.82  -69.80  
17.18  25.18  -69.08  
21.82  24.82  -68.57  
30.73  21.82  -67.55  
33.91  19.45  -67.04  
37.09  19.18  -65.82  
41.18  17.36  -64.69  
42.55  18.55  -64.29  
42.55  16.18  -64.39  
44.09  14.82  -64.08  
46.18  12.45  -63.37  
46.55  9.91  -63.16  
40.55  7.18  -66.12  
37.55  5.18  -67.04  
38.00  5.36  -66.94  
38.64  5.82  -66.43  
39.55  6.18  -66.33  
40.73  6.82  -66.02  
40.82  7.36  -65.92  
43.18  11.09  -64.90  
42.18  17.91  -64.59  
39.36  21.45  -65.31  
31.55  27.73  -65.92  
27.18  30.55  -65.71  
20.36  33.45  -65.82  
14.82  33.64  -66.53  
12.00  32.27  -67.04  
6.55  30.00  -68.47  
3.00  28.91  -68.78  
-4.09  27.82  -68.27  
-5.73  27.09  -68.27  
-10.91  24.27  -68.16  
-15.73  21.00  -67.65  
-18.45  19.27  -67.14  
-22.82  15.36  -66.33  
-25.18  13.18  -65.61  
-32.73  7.55  -61.43  
-36.45  4.64  -58.88  
-39.82  1.45  -55.51  
-40.82  2.55  -55.41  
-40.64  3.00  -56.02  
-42.27  2.64  -54.39  
-45.55  3.00  -51.33  
-51.27  4.27  -44.59  
-53.91  5.64  -41.43  
-54.82  6.64  -40.10  
-55.91  6.82  -38.47  
-56.00  6.55  -38.67  
-54.91  5.45  -40.31  
-55.27  5.82  -40.51  
-56.09  7.27  -38.98  
-56.18  8.45  -38.57  
-56.27  8.73  -39.39  
-56.27  9.45  -39.39  
-55.45  11.09  -40.10  
-56.36  12.18  -38.78  
-56.82  12.09  -36.84  
-58.09  11.55  -35.61  
-58.18  9.82  -35.41  
-58.00  7.00  -34.90  
-58.09  -1.18  -31.94  
-57.64  -5.73  -27.55  
-52.64  -17.36  -21.43  
-43.82  -27.27  -19.59  
-39.45  -30.82  -19.80  
-27.18  -37.82  -19.08  
-19.55  -41.27  -18.06  
-2.64  -45.27  -15.31  
4.18  -46.18  -13.88  
15.91  -46.55  -13.47  
26.91  -45.27  -13.57  
32.09  -44.09  -14.18  
39.55  -42.09  -13.88  
42.18  -41.18  -13.57  
44.73  -40.18  -13.98  
44.36  -40.45  -12.76  
45.73  -39.73  -12.24  
47.45  -39.00  -10.41  
49.73  -37.91  -10.20  
51.55  -36.91  -8.78  
52.45  -36.27  -8.98  
56.55  -34.00  -8.88  
64.55  -28.27  -11.84  
69.00  -24.18  -11.22  
75.82  -14.91  -12.55  
78.55  -10.00  -12.86  
82.27  3.00  -13.78  
82.73  11.00  -15.41  
79.09  25.00  -18.57  
72.82  35.36  -20.82  
69.36  39.64  -21.63  
62.36  46.09  -23.67  
57.45  49.27  -24.49  
47.36  54.73  -26.73  
37.27  58.27  -28.16  
30.00  60.27  -28.98  
15.91  61.91  -30.41  
11.18  61.82  -30.61  
13.73  61.91  -30.51  
15.82  61.91  -30.10  
24.55  61.36  -28.57  
41.09  57.09  -26.73  
49.64  53.09  -26.22  
61.73  44.36  -27.86  
65.45  40.27  -29.08  
71.45  29.82  -32.45  
73.00  24.82  -34.69  
73.18  15.73  -38.98  
71.36  4.27  -42.65  
68.82  -0.91  -44.80  
63.55  -7.55  -47.96  
60.45  -10.00  -49.59  
54.82  -14.27  -52.24  
63.55  -10.82  -46.63  
63.82  -10.27  -46.12  
65.09  -7.64  -46.53  
65.00  -6.55  -47.55  
66.82  -4.18  -46.22  
68.18  -2.73  -45.61  
70.55  0.82  -43.57  
72.82  4.00  -40.92  
73.27  5.09  -40.51  
73.27  4.64  -40.00  
72.18  2.91  -41.22  
74.00  -0.82  -37.35  
75.64  -3.09  -33.67  
77.09  -3.27  -30.71  
79.45  0.18  -25.71  
80.73  2.82  -22.65  
81.18  13.00  -22.45  
80.36  16.64  -22.86  
80.09  17.45  -23.16  
80.27  16.45  -23.57  
80.36  17.55  -22.04  
80.36  19.45  -20.31  
80.64  20.55  -18.78  
79.09  25.18  -18.06  
79.00  25.64  -17.65  
77.00  30.55  -16.94  
75.18  32.91  -19.59  
74.18  33.18  -21.53  
72.73  33.82  -25.00  
71.36  33.64  -29.18  
64.64  31.45  -41.73  
62.45  29.82  -45.51  
61.55  28.18  -47.76  
62.73  26.00  -47.35  
63.64  26.55  -46.63  
63.91  27.27  -45.20  
64.18  27.64  -44.80  
64.27  27.55  -45.41  
60.45  35.00  -43.37  
58.55  37.73  -42.96  
51.64  45.09  -41.12  
47.27  48.09  -40.61  
32.45  53.82  -41.53  
23.09  56.00  -41.43  
5.27  55.55  -44.49  
-5.91  53.27  -46.12  
-10.91  52.55  -45.00  
-22.36  51.73  -39.59  
-28.55  50.18  -36.33  
-38.36  46.73  -28.88  
-43.27  44.18  -26.12  
-51.09  37.36  -20.61  
-53.36  34.64  -14.18  
-54.27  31.55  -5.41  
-58.82  22.36  -6.73  
-60.27  18.00  -7.04  
-60.91  12.55  -7.04  
-60.91  6.64  -7.24  
-60.09  2.73  -6.22  
-57.73  -5.36  -4.59  
-55.82  -10.09  -4.69  
-48.09  -20.82  -1.33  
-42.09  -26.64  -0.31  
-28.27  -36.18  -1.63  
-11.82  -42.64  -3.37  
-3.27  -45.00  -4.29  
13.09  -46.18  -7.55  
19.73  -46.18  -9.69  
28.09  -45.00  -13.37  
32.82  -43.73  -14.69  
40.00  -41.55  -16.73  
45.09  -39.27  -18.98  
47.64  -38.09  -20.61  
54.55  -34.64  -20.92  
56.82  -33.18  -19.90  
56.82  -33.82  -17.14  
53.73  -35.45  -18.06  
49.09  -38.09  -18.16  
37.82  -42.36  -18.98  
29.64  -44.09  -20.61  
21.36  -45.00  -24.39  
19.64  -44.36  -27.04  
18.91  -43.18  -31.84  
22.64  -41.91  -33.88  
25.36  -40.91  -34.69  
31.91  -39.00  -35.82  
35.64  -36.73  -38.37  
43.64  -31.27  -42.24  
46.55  -28.73  -43.67  
52.91  -22.09  -46.73  
58.00  -15.27  -48.27  
61.09  -11.73  -47.65  
64.64  -3.36  -48.27  
65.45  1.18  -48.78  
62.27  15.18  -52.14  
58.27  25.09  -52.55  
57.18  28.27  -52.35  
56.82  31.82  -50.51  
57.45  33.91  -48.78  
57.00  38.55  -44.49  
54.45  42.18  -43.16  
39.36  47.91  -48.37  
13.27  47.91  -56.43  
7.82  49.27  -55.20  
5.82  48.91  -55.20  
10.09  48.09  -56.12  
17.73  47.00  -56.33  
21.36  46.91  -55.71  
26.36  48.36  -53.16  
27.45  47.55  -53.37  
27.36  43.36  -57.55  
23.36  22.45  -70.31  
17.82  16.09  -72.14  
18.27  4.45  -72.45  
24.45  -6.09  -69.08  
30.36  -9.27  -66.22  
36.64  -4.09  -65.92  
37.82  -3.09  -65.61  
38.36  -2.91  -65.51  
38.18  -3.45  -65.31  
37.82  -4.45  -65.31  
36.91  -1.55  -66.22  
36.27  0.36  -67.04  
36.55  2.09  -67.55  
37.00  0.64  -66.84  
33.91  -5.64  -66.53  
31.00  -8.09  -66.43  
26.09  -12.00  -66.22  
22.91  -13.36  -66.33  
21.45  -14.00  -66.33  
17.64  -13.55  -67.04  
15.82  -13.91  -67.04  
15.18  -13.82  -67.24  
15.09  -14.09  -66.94  
14.64  -14.55  -66.63  
12.45  -16.82  -65.82  
8.00  -17.36  -65.31  
-1.55  -19.27  -63.98  
-3.55  -20.73  -62.04  
-13.64  -21.82  -58.57  
-19.09  -21.36  -57.14  
-21.73  -21.00  -55.71  
-26.00  -19.00  -54.90  
-28.00  -18.27  -54.59  
-28.91  -15.55  -56.12  
-29.45  -13.09  -57.24  
-29.73  -6.09  -61.02  
-36.00  3.45  -59.80  
-39.73  8.64  -57.24  
-42.45  19.09  -53.78  
-41.64  24.18  -52.96  
-37.45  34.45  -50.31  
-31.55  43.91  -46.22  
-26.91  48.27  -44.08  
-15.36  55.18  -40.51  
-9.45  57.27  -39.08  
3.36  60.18  -36.22  
11.36  60.82  -34.90  
27.91  59.82  -31.63  
40.82  56.73  -29.18  
46.91  54.27  -28.88  
57.09  47.45  -29.90  
60.82  44.27  -30.51  
65.18  38.45  -33.47  
66.91  34.73  -35.41  
68.45  31.18  -37.04  
68.82  25.55  -41.53  
67.64  24.45  -43.57  
66.55  22.09  -46.22  
66.64  20.36  -46.84  
63.09  17.82  -51.12  
54.36  15.27  -58.88  
51.00  15.18  -61.12  
45.73  14.45  -63.98  
44.64  13.64  -64.29  
44.18  12.09  -64.49  
44.45  10.91  -64.29  
43.45  9.91  -65.41  
42.18  9.45  -65.82  
41.55  9.82  -66.33  
40.27  10.00  -66.73  
40.00  10.09  -66.73  
41.27  10.00  -66.22  
42.18  10.36  -65.71  
42.09  10.36  -65.71  
42.00  10.82  -65.71  
43.27  10.91  -65.00  
42.64  8.91  -65.51  
43.09  7.64  -65.10  
47.36  4.27  -62.86  
49.27  0.82  -61.53  
49.64  -1.91  -60.41  
53.45  -7.18  -56.63  
53.91  -6.45  -56.43  
56.27  -5.91  -54.80  
56.27  -6.36  -54.39  
57.18  -6.91  -53.47  
58.18  -7.36  -52.55  
58.82  -7.09  -52.24  
62.82  -6.45  -48.88  
63.73  -6.91  -47.65  
63.09  -8.64  -47.55  
60.64  -10.45  -49.08  
58.45  -11.82  -50.00  
55.64  -15.45  -49.69  
54.27  -17.36  -49.69  
50.82  -20.64  -50.00  
48.64  -22.00  -50.10  
44.09  -24.73  -50.92  
42.00  -24.36  -52.35  
41.64  -24.82  -51.94  
41.27  -26.27  -50.51  
40.27  -27.00  -50.20  
38.64  -28.73  -49.59  
37.00  -29.27  -49.69  
33.09  -30.18  -50.20  
27.27  -30.91  -51.43  
23.55  -31.36  -52.35  
24.36  -33.73  -48.67  
22.82  -34.18  -48.88  
16.27  -34.55  -49.29  
10.27  -34.82  -49.18  
5.00  -34.27  -50.00  
-9.55  -32.09  -49.29  
-16.64  -31.82  -46.84  
-28.27  -26.73  -45.61  
-32.73  -24.00  -45.71  
-40.91  -19.09  -43.27  
-48.18  -11.45  -41.53  
-52.09  -6.45  -40.00  
-56.64  4.18  -37.24  
-57.73  10.64  -36.33  
-56.64  23.09  -33.98  
-55.55  27.36  -32.86  
-52.45  34.36  -30.71  
-48.82  40.27  -28.57  
-47.36  42.45  -28.06  
-47.00  42.45  -28.67  
-46.27  43.36  -27.65  
-45.64  43.82  -27.86  
-45.55  44.36  -27.35  
-44.64  45.64  -24.90  
-42.18  48.27  -22.35  
-39.45  50.55  -21.84  
-32.82  54.55  -21.84  
-29.27  56.82  -21.84  
-17.09  61.18  -22.35  
-1.00  64.09  -23.88  
9.09  64.45  -23.98  
27.82  62.45  -23.88  
36.45  60.09  -24.80  
52.55  52.09  -27.35  
59.55  46.09  -29.90  
70.45  34.91  -29.49  
77.64  23.64  -26.53  
80.64  17.91  -24.08  
83.45  8.73  -18.67  
83.45  3.09  -17.14  
82.64  -3.45  -9.39  
82.82  -2.18  -5.61  
82.82  -3.00  -5.41  
81.36  -5.27  -2.86  
80.55  -6.00  -3.06  
80.36  -6.55  -2.45  
80.55  -6.64  -2.24  
80.45  -6.73  -2.24  
80.00  -7.18  -1.94  
79.64  -7.45  -1.73  
80.00  -6.91  0.31  
79.73  -5.73  1.02  
80.09  -4.55  1.84  
80.45  -3.45  2.35  
80.73  -1.36  3.06  
81.09  0.36  2.14  
82.00  0.64  0.00  
81.82  0.27  -0.82  
81.64  0.27  -0.61  
81.73  0.55  -1.33  
82.18  1.82  -2.24  
82.36  2.36  -1.84  
82.09  2.00  -1.33  
82.00  2.00  -1.53  
82.27  2.36  -1.53  
82.45  2.36  -1.94  
82.27  2.27  -3.37  
82.73  4.27  -3.37  
82.82  5.36  -3.06  
82.91  10.27  -1.53  
82.00  14.64  0.00  
79.09  26.18  -0.10  
75.73  33.09  -1.63  
66.09  45.27  -3.78  
45.18  58.36  -4.29  
30.64  63.00  -5.20  
4.27  64.64  -6.53  
-6.64  63.27  -6.33  
-22.82  58.36  -3.47  
-29.82  50.00  -1.02  
-43.36  45.64  -1.53  
-49.91  37.82  1.02  
-53.00  32.91  2.35  
-56.82  24.09  2.76  
-58.27  19.27  2.65  
-59.45  12.09  2.76  
-58.55  -0.27  1.73  
-55.91  -5.82  2.96  
-50.18  -14.09  7.65  
-45.27  -19.73  9.18  
-30.18  -30.27  12.86  
-22.64  -34.45  12.24  
-8.27  -39.91  11.73  
6.00  -41.91  12.45  
12.27  -41.82  13.27  
26.91  -40.36  13.47  
33.36  -39.27  12.96  
41.55  -35.73  14.29  
50.91  -31.55  15.20  
53.73  -28.82  16.43  
62.00  -22.82  16.02  
66.36  -20.45  13.16  
73.91  -11.73  10.82  
77.64  -5.36  8.57  
81.18  9.82  4.90  
80.45  18.82  2.76  
80.55  20.36  2.04  
80.64  21.00  0.51  
80.91  20.91  0.51  
80.73  22.64  -0.82  
80.18  24.27  -0.92  
79.91  24.91  -3.98  
78.73  28.64  -8.16  
76.36  33.09  -12.04  
75.36  33.27  -19.69  
75.36  32.18  -22.96  
77.18  19.82  -31.22  
78.82  13.18  -30.92  
77.73  15.82  -31.94  
77.91  15.91  -31.02  
78.36  16.09  -30.31  
78.18  18.27  -29.80  
78.27  19.64  -29.08  
78.91  20.73  -27.14  
81.00  11.09  -24.90  
81.00  3.09  -23.67  
76.82  -11.36  -22.86  
74.00  -15.91  -23.27  
66.00  -24.73  -25.20  
60.73  -28.55  -26.73  
48.18  -35.64  -29.29  
34.82  -39.91  -31.63  
25.64  -41.45  -32.76  
10.18  -43.00  -30.92  
0.91  -42.73  -29.90  
-17.55  -38.64  -30.31  
-19.73  -37.09  -27.14  
-26.27  -35.82  -27.04  
-33.55  -32.00  -26.12  
-37.18  -29.45  -25.10  
-42.55  -24.82  -26.63  
-46.73  -20.18  -28.06  
-54.73  -5.45  -33.57  
-55.91  12.91  -37.35  
-55.45  20.82  -35.71  
-51.27  33.36  -33.06  
-49.00  37.45  -31.33  
-41.36  46.55  -26.43  
-36.82  50.45  -24.08  
-29.09  55.36  -21.33  
-20.64  59.36  -19.59  
-16.91  60.73  -17.65  
-4.00  63.55  -18.57  
0.64  64.00  -20.20  
12.45  64.09  -19.08  
0.00  0.00  0.00  
27.09  63.00  -16.73  
40.00  59.82  -14.39  
46.00  57.45  -15.71  
51.73  54.64  -14.80  
55.36  52.73  -15.00  
62.64  47.27  -15.92  
68.73  42.18  -15.41  
71.00  39.36  -15.82  
75.36  33.09  -18.67  
76.09  31.00  -19.08  
76.36  30.64  -19.49  
76.45  31.00  -19.69  
76.09  31.09  -20.41  
76.09  30.82  -20.92  
76.27  30.45  -21.12  
76.27  30.27  -21.73  
76.09  30.36  -22.24  
76.36  29.09  -22.86  
76.45  28.64  -23.67  
76.36  24.82  -28.88  
74.45  19.00  -36.84  
75.82  16.55  -36.12  
78.45  14.64  -30.82  
78.45  12.45  -31.02  
76.09  6.18  -36.53  
75.55  2.64  -37.45  
75.18  2.27  -37.76  
75.73  3.55  -36.94  
76.27  4.00  -36.33  
76.64  4.55  -35.51  
76.73  4.09  -35.61  
76.36  3.45  -35.82  
77.27  -3.18  -31.22  
76.91  -3.27  -32.35  
76.91  -0.55  -32.96  
77.27  -0.55  -32.65  
77.18  -0.36  -32.55  
77.45  -0.27  -32.14  
77.45  0.82  -32.35  
77.45  0.91  -33.06  
76.36  -2.64  -33.47  
73.00  -12.45  -31.33  
71.00  -16.91  -30.00  
62.45  -25.36  -32.04  
47.82  -35.73  -30.71  
38.91  -39.45  -30.61  
22.45  -42.55  -32.76  
13.55  -43.09  -33.88  
-2.09  -41.09  -36.12  
-8.73  -39.82  -36.84  
-18.55  -35.91  -39.29  
-25.18  -30.73  -43.06  
-30.09  -28.18  -42.86  
-36.00  -25.36  -40.82  
-39.45  -23.36  -39.90  
-49.27  -14.55  -37.04  
-53.55  -8.45  -35.41  
-57.91  2.00  -34.59  
-59.27  14.91  -32.24  
-58.18  22.09  -31.33  
-52.18  37.00  -27.45  
-46.64  43.91  -24.90  
-35.00  53.82  -20.51  
-17.36  61.91  -16.33  
-7.27  64.36  -15.41  
11.91  65.55  -16.53  
19.73  65.00  -17.86  
37.64  60.36  -21.84  
45.45  56.55  -24.80  
58.00  47.45  -29.80  
67.91  36.18  -32.55  
71.27  30.55  -33.06  
74.82  19.91  -35.31  
74.82  16.09  -37.24  
74.18  8.91  -39.29  
74.18  8.55  -39.59  
73.00  10.09  -41.12  
73.00  10.45  -40.82  
73.36  10.36  -40.51  
73.91  10.55  -39.59  
73.82  10.09  -39.29  
73.73  9.73  -39.18  
73.27  9.91  -40.20  
73.64  9.73  -40.00  
74.00  7.36  -38.47  
74.55  7.00  -38.16  
75.45  7.82  -36.73  
75.73  6.27  -36.12  
75.91  5.09  -35.92  
78.55  2.36  -29.90  
79.82  0.64  -26.33  
81.27  -1.18  -19.18  
81.45  -1.82  -16.33  
82.18  -2.18  -11.22  
81.91  -2.91  -9.90  
81.64  -3.09  -9.49  
81.64  -3.55  -8.16  
81.82  -5.09  -7.55  
81.00  -7.91  -8.88  
81.64  -6.18  -9.08  
82.27  -3.09  -8.06  
82.18  -2.73  -8.47  
82.00  -2.73  -8.47  
81.91  -2.36  -8.47  
82.00  -2.00  -7.55  
82.55  -0.45  -4.90  
82.55  -0.09  -4.69  
82.91  1.73  -3.57  
82.91  0.00  -6.63  
82.27  -3.36  -9.59  
76.09  -15.64  -18.27  
71.82  -20.64  -21.63  
61.09  -30.09  -25.92  
52.91  -35.18  -27.14  
34.36  -41.73  -29.69  
18.00  -44.64  -28.37  
9.82  -45.27  -27.35  
-4.45  -43.73  -27.96  
-6.27  -43.45  -27.86  
-6.64  -44.00  -25.61  
-11.18  -42.91  -25.61  
-13.82  -42.00  -25.71  
-23.82  -38.36  -25.41  
-31.91  -34.64  -24.29  
-48.45  -22.36  -18.88  
-54.45  -15.45  -16.94  
-60.36  -3.09  -17.76  
-61.91  14.45  -19.90  
-60.00  22.45  -22.65  
-54.73  32.00  -28.57  
-51.18  36.45  -31.22  
-41.00  46.09  -33.47  
-34.55  50.09  -35.00  
-21.73  57.09  -33.16  
-14.82  59.55  -32.65  
-11.64  60.00  -33.06  
-1.91  62.45  -31.02  
2.45  62.91  -30.31  
12.91  62.73  -31.22  
22.55  61.91  -31.12  
27.45  60.91  -31.43  
38.27  56.36  -35.31  
40.64  54.91  -36.53  
48.18  52.91  -32.55  
52.55  51.55  -29.18  
64.00  45.91  -19.49  
73.82  36.55  -5.00  
74.73  32.55  3.47  
75.27  25.27  13.16  
75.36  24.36  13.16  
78.45  17.64  11.43  
79.55  9.55  10.71  
78.36  -3.18  9.80  
71.64  -18.09  8.37  
66.00  -24.45  8.57  
50.64  -35.45  9.69  
41.36  -39.09  9.90  
20.82  -42.73  11.12  
1.18  -43.00  10.00  
-6.82  -41.55  9.29  
-23.18  -36.64  7.96  
-29.36  -33.55  7.24  
-38.64  -28.18  5.51  
-43.55  -23.91  5.51  
-53.18  -12.27  4.08  
-56.27  -6.55  3.67  
-56.64  -6.00  3.57  
-60.36  0.91  -2.35  
-62.45  7.91  -6.94  
-58.09  30.45  -12.45  
-53.91  37.18  -10.31  
-42.27  49.18  -8.67  
-29.00  56.91  -5.82  
-24.55  58.82  -5.51  
-14.55  61.73  -1.02  
-10.73  62.64  -1.22  
-3.09  63.73  -2.55  
3.82  64.36  -1.84  
7.91  64.55  -2.04  
14.27  64.36  -0.51  
16.00  63.91  0.41  
21.55  63.09  1.53  
26.45  62.73  1.33  
43.18  58.09  -0.41  
52.55  53.73  -0.92  
57.00  51.27  -1.33  
63.45  46.36  -0.82  
66.45  43.82  -0.61  
70.91  38.55  -0.82  
73.36  35.27  -0.20  
78.00  26.82  1.12  
80.82  19.00  1.22  
81.55  16.82  0.82  
81.55  12.55  3.47  
81.73  11.55  3.67  
81.55  10.09  2.76  
82.00  9.82  2.45  
82.00  9.09  1.73  
81.64  9.00  2.14  
82.18  8.27  1.53  
81.36  7.73  2.86  
81.82  7.82  2.65  
81.82  8.09  2.65  
81.82  7.91  3.98  
81.45  8.18  4.90  
81.18  9.27  7.04  
80.36  9.36  9.08  
78.64  11.18  13.16  
76.00  12.64  17.65  
67.91  15.00  27.86  
55.18  19.09  36.84  
52.09  22.09  37.96  
49.18  25.82  38.16  
48.55  26.73  38.06  
44.91  29.00  38.88  
42.45  30.82  39.08  
37.82  35.73  38.06  
30.64  38.55  37.76  
24.18  41.27  37.24  
12.18  43.82  36.22  
7.82  42.73  36.53  
-1.55  42.18  35.71  
-9.45  38.18  36.53  
-15.73  35.36  35.61  
-24.00  29.55  35.51  
-26.64  26.27  35.31  
-31.36  19.27  34.59  
-32.45  15.27  35.10  
-34.00  7.00  34.39  
-38.55  2.18  30.41  
-38.45  0.18  29.69  
-37.73  -5.64  28.47  
-36.91  -7.82  27.96  
-32.82  -12.18  28.98  
-33.45  -13.45  28.16  
-32.64  -16.18  26.84  
-27.82  -19.55  28.06  
-24.45  -21.00  28.78  
-16.45  -22.27  31.84  
-11.73  -23.91  32.76  
1.73  -24.18  36.33  
14.55  -23.36  38.06  
20.64  -24.73  36.63  
28.00  -25.64  34.39  
30.55  -24.73  34.90  
39.73  -20.73  35.10  
43.45  -18.09  35.31  
49.45  -13.27  35.20  
56.36  1.00  36.63  
56.91  9.55  37.45  
58.45  17.64  35.31  
58.55  23.64  33.67  
57.82  33.27  28.37  
56.00  36.55  27.35  
49.00  40.73  28.47  
46.73  43.27  27.65  
45.36  44.82  26.84  
48.82  45.00  24.18  
50.82  44.45  23.16  
59.82  43.09  15.82  
68.36  38.00  9.59  
72.18  34.00  7.76  
78.18  26.18  3.78  
79.91  22.09  1.12  
80.45  18.36  2.76  
80.91  16.91  3.47  
80.55  15.91  4.59  
79.91  18.64  5.71  
78.55  22.27  6.22  
76.09  28.45  6.02  
76.00  29.00  5.41  
69.73  38.73  5.31  
64.27  44.00  6.43  
47.00  54.18  9.59  
26.91  59.73  11.02  
20.45  61.18  9.90  
8.18  62.45  7.14  
0.82  61.73  6.02  
-18.00  57.82  4.39  
-35.73  48.00  6.02  
-39.82  43.27  9.39  
-35.36  47.18  8.98  
-30.91  50.18  8.78  
-17.73  57.18  7.14  
-6.82  60.45  5.61  
26.64  61.82  2.14  
41.18  58.36  1.53  
47.55  55.73  0.61  
57.36  50.64  -2.55  
62.91  47.00  -3.37  
71.55  38.64  -7.45  
76.09  32.27  -8.16  
81.55  18.55  -4.49  
82.36  7.73  -2.55  
81.73  1.18  -1.02  
73.91  -16.27  1.53  
66.18  -25.91  1.73  
39.09  -41.36  0.20  
9.73  -45.64  -2.86  
-0.36  -45.00  -4.18  
-14.45  -41.82  -4.90  
-22.64  -38.55  -3.47  
-31.18  -33.64  0.92  
-32.91  -32.00  3.06  
-34.55  -29.73  5.61  
-36.73  -26.82  8.06  
-39.73  -24.00  8.98  
-42.64  -17.73  13.78  
-47.00  -8.27  16.22  
-57.36  11.45  5.61  
-56.27  23.55  2.86  
-46.55  43.18  -2.65  
-36.91  51.73  -7.14  
-29.55  56.45  -8.98  
-4.64  64.00  -11.94  
1.00  64.82  -11.84  
13.27  65.09  -13.27  
21.91  63.18  -12.65  
35.18  61.73  -11.12  
45.64  57.45  -7.24  
49.73  55.45  -4.39  
59.18  49.91  -4.69  
61.18  48.27  -3.57  
67.82  42.64  -3.06  
72.00  37.73  -2.45  
73.18  35.91  -3.06  
74.73  34.18  -3.16  
75.00  33.27  -2.76  
75.36  33.09  -2.35  
75.45  33.00  -2.96  
75.55  32.45  -2.04  
76.73  29.91  -0.51  
77.45  28.55  1.22  
78.73  22.91  5.00  
79.27  18.45  7.14  
77.45  8.45  13.98  
75.27  4.18  17.45  
69.45  -2.55  23.57  
62.73  -3.55  30.51  
60.73  -2.64  32.35  
55.73  -1.00  36.63  
53.09  -2.64  37.96  
50.27  -4.64  38.47  
51.64  -3.73  38.27  
51.91  -2.27  38.67  
51.18  4.18  40.00  
52.00  7.09  40.00  
48.73  14.82  41.22  
45.91  18.91  42.04  
43.09  24.73  41.43  
44.00  28.45  39.39  
41.27  31.00  39.49  
29.18  36.36  40.41  
25.73  37.91  39.90  
20.27  40.55  38.98  
16.09  41.45  38.06  
5.91  42.91  37.04  
1.27  41.64  37.45  
2.55  40.82  38.16  
0.91  39.00  39.18  
-0.45  38.64  38.98  
-0.27  36.55  40.51  
-3.00  29.64  43.27  
-6.45  27.18  43.16  
-10.09  26.27  42.55  
-10.27  25.55  42.86  
-8.45  25.82  43.16  
-7.73  24.82  43.88  
-5.27  20.91  45.41  
0.45  16.82  47.45  
11.45  18.36  48.16  
20.18  18.91  47.86  
21.00  16.55  48.16  
21.55  14.91  48.47  
18.18  13.45  48.88  
9.00  13.27  48.57  
-9.09  19.18  44.69  
-22.64  23.82  38.27  
-40.73  34.82  18.37  
-43.55  37.55  11.94  
-45.09  36.55  9.80  
-47.09  30.91  13.98  
-47.55  26.36  16.43  
-48.82  15.18  18.78  
-49.18  10.00  19.69  
-43.18  -1.45  24.29  
-39.64  -6.82  25.61  
-26.64  -17.18  29.39  
-20.82  -19.09  31.02  
-17.18  -21.27  31.43  
-7.00  -24.09  32.65  
-0.45  -25.55  33.67  
11.64  -27.91  32.35  
18.18  -24.55  35.10  
31.36  -20.91  36.43  
39.91  -17.00  36.43  
42.00  -15.18  36.84  
44.55  -11.18  38.06  
47.18  -9.73  37.96  
49.82  -9.18  36.73  
57.09  -7.82  32.96  
58.18  -7.18  32.24  
60.82  -6.55  30.82  
60.64  -6.00  31.12  
58.36  -5.82  32.55  
59.00  -4.91  32.65  
62.18  -1.09  31.73  
62.27  5.36  32.55  
62.45  9.91  32.55  
63.91  20.00  29.69  
59.82  29.09  28.88  
48.73  42.00  27.65  
44.91  44.73  27.14  
34.45  49.00  27.14  
25.91  51.64  26.43  
22.09  52.09  26.53  
13.45  52.55  26.53  
8.18  52.36  26.63  
-2.36  49.73  27.55  
-9.27  47.91  27.35  
-11.00  47.82  26.73  
-15.27  48.55  24.08  
-16.45  49.18  22.45  
-10.64  50.00  24.49  
-6.73  48.73  27.35  
1.73  46.27  32.14  
9.09  42.09  36.84  
12.27  39.91  38.57  
13.73  31.36  43.78  
8.18  25.18  45.82  
2.64  14.91  47.65  
2.27  6.36  47.65  
1.55  2.45  47.45  
1.82  -0.64  46.94  
2.64  -0.82  46.73  
2.09  -0.55  47.35  
1.18  -0.64  46.73  
1.45  -5.00  46.12  
1.73  -10.64  44.18  
3.55  -12.27  43.57  
8.91  -17.73  41.22  
12.36  -18.82  40.61  
24.55  -18.64  40.10  
34.00  -16.45  39.29  
47.45  -10.09  36.94  
51.18  -2.64  38.16  
52.18  1.09  37.96  
56.36  9.55  36.84  
56.91  14.73  36.12  
52.91  19.82  37.14  
50.55  23.09  37.55  
39.91  36.82  35.00  
33.64  37.73  36.84  
33.00  37.55  36.63  
28.82  38.64  36.94  
28.55  38.27  37.55  
27.64  39.00  37.04  
27.09  40.91  36.22  
27.82  43.00  33.98  
27.36  47.45  30.61  
29.73  46.64  30.51  
32.18  46.36  30.31  
30.55  46.27  31.12  
26.55  45.55  32.76  
24.27  44.91  33.98  
23.00  45.09  34.18  
16.55  46.55  33.27  
14.09  46.45  33.27  
10.00  50.27  29.18  
10.36  49.09  29.69  
11.64  47.73  31.94  
4.73  46.55  32.04  
-0.36  47.18  30.82  
-9.55  46.00  29.69  
-13.64  44.18  29.18  
-22.27  39.82  28.88  
-29.36  33.91  29.18  
-31.45  30.55  29.29  
-34.00  26.00  30.31  
-34.27  24.18  30.41  
-34.82  21.36  31.02  
-35.27  20.00  31.02  
-34.82  18.18  31.84  
-36.00  17.45  31.43  
-35.27  18.18  31.22  
-31.82  19.27  33.47  
-29.64  20.00  34.90  
-26.73  21.27  36.43  
-23.36  20.36  38.57  
-21.27  19.82  39.59  
-14.64  19.36  42.76  
-10.36  18.18  44.18  
0.91  12.45  47.35  
5.27  10.64  48.16  
12.09  9.36  48.47  
19.09  10.00  48.57  
21.64  10.09  48.37  
24.00  11.09  47.76  
24.55  10.45  47.76  
26.18  7.64  47.55  
26.27  7.09  47.45  
26.00  6.73  47.45  
23.18  4.55  47.86  
21.55  4.09  47.96  
24.00  4.64  47.76  
26.45  3.00  47.14  
29.64  -0.73  45.92  
30.45  -5.09  44.39  
26.64  -7.45  44.18  
20.09  -10.18  43.78  
17.27  -11.09  43.37  
14.45  -18.82  39.39  
7.55  -17.82  39.59  
-1.09  -12.45  41.22  
-9.91  -9.82  40.00  
-8.73  -8.00  41.22  
10.36  -4.91  45.41  
16.18  -3.36  46.02  
17.45  -2.64  45.61  
15.55  -1.55  46.22  
6.64  -1.09  46.33  
-0.36  0.36  45.71  
-4.55  2.36  45.00  
-11.18  5.64  43.98  
-12.09  8.55  43.47  
-16.09  11.00  42.35  
-16.82  13.00  41.73  
-17.64  16.45  41.22  
-15.82  19.73  41.12  
-19.45  22.45  38.98  
-18.64  27.82  37.65  
-17.27  30.18  37.24  
-13.36  38.09  33.98  
-4.91  46.00  30.10  
0.00  48.27  29.08  
9.18  49.27  29.29  
13.18  49.73  28.78  
20.55  48.82  30.10  
23.09  47.82  30.51  
27.18  44.36  33.47  
30.36  38.27  37.24  
31.55  36.09  38.47  
31.18  33.91  40.20  
31.73  32.18  41.33  
31.73  27.00  43.27  
32.09  24.64  44.18  
28.82  21.64  45.61  
28.55  17.00  46.63  
30.27  13.18  46.63  
35.82  5.73  45.41  
35.18  2.55  45.20  
34.73  -0.82  44.69  
36.36  -2.00  44.08  
36.91  -2.09  43.88  
39.27  -1.55  43.16  
39.91  -1.64  43.06  
39.64  -2.18  42.86  
39.18  -2.18  42.86  
38.64  -1.91  43.16  
38.00  -1.91  43.47  
38.18  -1.73  43.47  
39.55  -1.82  42.96  
40.27  -1.27  42.96  
40.73  -0.45  42.76  
40.09  -1.27  43.06  
37.73  -2.91  43.27 
